



0.0226901	-0.00719562	-0.0148692	0.999606	
0.0252601	-0.00388171	-0.0139594	0.999576	
0.0288553	-0.00131253	-0.0120944	0.99951	
0.0315158	0.000614442	-0.0116352	0.999435	
0.0340015	0.00289957	-0.0116484	0.99935	
0.0378863	0.00493292	-0.00971732	0.999223	
0.0417471	0.00873817	-0.00807231	0.999057	
0.0464889	0.0114891	-0.0053937	0.998838	
0.0502554	0.0128425	-0.00409544	0.998645	
0.0534943	0.015376	-0.00403756	0.998442	
0.0551405	0.0177319	-0.00593494	0.998303	
0.0586756	0.0204246	-0.0043966	0.998058	
0.0597867	0.0239852	-0.00558033	0.997907	
0.0625826	0.0269962	-0.00376424	0.997668	
0.0649428	0.030154	-0.00207852	0.997431	
0.0663477	0.0334829	-0.00198019	0.997233	
0.0681619	0.0367903	-0.000956426	0.996995	
0.0708329	0.041042	0.00136256	0.996643	
0.0721318	0.0441703	0.00218841	0.996414	
0.0738212	0.0471697	0.00353372	0.996149	
0.0759398	0.050024	0.00526087	0.995843	
0.0777792	0.0519182	0.0062896	0.995598	
0.0794604	0.0553131	0.00655191	0.995281	
0.0815222	0.0585299	0.00691044	0.994927	
0.0842604	0.0617896	0.00812816	0.994493	
0.0862813	0.0648449	0.0089751	0.994118	
0.0879728	0.0683624	0.0098662	0.993725	
0.0911707	0.0704376	0.0145162	0.993235	
0.0946537	0.0721431	0.0205025	0.992681	
0.0965012	0.0726866	0.0240093	0.992385	
0.0985274	0.073502	0.0276662	0.99203	
0.101186	0.0752345	0.0307183	0.991543	
0.105131	0.0776258	0.0345354	0.990822	
0.106865	0.0766262	0.0351951	0.990691	
0.108486	0.0748738	0.0355084	0.990638	
0.1112	0.0736602	0.0373508	0.99036	
0.11402	0.0722561	0.0391463	0.990074	
0.115426	0.0717461	0.038007	0.989992	
0.116487	0.0706342	0.0364014	0.990008	
0.119771	0.0704768	0.0383566	0.989554	
0.121521	0.0701377	0.0377572	0.989388	
0.122527	0.0674399	0.036794	0.989487	
0.124953	0.0679506	0.0373849	0.989127	
0.125701	0.0669734	0.0356606	0.989162	
0.127392	0.066198	0.0360555	0.988984	
0.127706	0.0664304	0.0337389	0.989009	
0.126701	0.0663664	0.0299002	0.989267	
0.127465	0.0661169	0.029374	0.989201	
0.128193	0.0659178	0.0292251	0.989125	
0.128896	0.0665414	0.0289716	0.988999	
0.129149	0.0678748	0.0283658	0.988893	
0.128791	0.0700794	0.0268272	0.988829	
0.129102	0.071305	0.0271491	0.988692	
0.12936	0.0727734	0.0276235	0.988538	
0.128749	0.0746195	0.0277166	0.988477	
0.128192	0.0772399	0.0282051	0.988335	
0.127403	0.0791626	0.0286558	0.988272	
0.126736	0.0817944	0.0295598	0.988116	
0.126113	0.0847676	0.0307314	0.98791	
0.125886	0.0871156	0.0329854	0.987662	
0.126487	0.087684	0.0368753	0.987397	
0.126405	0.0897138	0.0391153	0.987139	
0.128689	0.0921991	0.0440465	0.986407	
0.129101	0.0939562	0.0460635	0.986095	
0.129597	0.0956145	0.0480315	0.985777	
0.1307	0.0963084	0.0508259	0.985423	
0.131196	0.0970422	0.052259	0.98521	
0.132546	0.0977417	0.0551877	0.984801	
0.133077	0.100431	0.0552284	0.984456	
0.134331	0.10074	0.0567225	0.984169	
0.136093	0.101332	0.0586132	0.983756	
0.138582	0.101022	0.0614144	0.983269	
0.141004	0.10024	0.0637485	0.982856	
0.142492	0.0996499	0.0637143	0.982704	
0.143955	0.098677	0.0633278	0.982614	
0.146982	0.0984677	0.0655278	0.982042	
0.149029	0.0973021	0.065486	0.981852	
0.151084	0.0978461	0.0650547	0.981513	
0.153647	0.0971118	0.0664061	0.981097	
0.15474	0.0961256	0.0656151	0.981076	
0.15586	0.0955839	0.0647853	0.981007	
0.157255	0.0954312	0.065049	0.980781	
0.157651	0.0945759	0.0637522	0.980886	
0.157979	0.0930674	0.063299	0.981007	
0.158201	0.0924655	0.0628241	0.981059	
0.157557	0.0939382	0.0606571	0.981159	
0.158267	0.0939665	0.0615007	0.980989	
0.15817	0.0934796	0.061302	0.981064	
0.157619	0.0940948	0.0595543	0.981201	
0.159056	0.0949217	0.0611226	0.980793	
0.159679	0.0963481	0.0616983	0.980517	
0.16006	0.0977515	0.0623908	0.980272	
0.159829	0.0982475	0.0622115	0.980271	
0.160492	0.0983346	0.0640973	0.980033	
0.161422	0.0998642	0.0663765	0.979573	
0.161435	0.100992	0.0669567	0.979416	
0.162049	0.102151	0.0687077	0.979073	
0.162379	0.103583	0.0701915	0.978763	
0.163027	0.105393	0.0719959	0.978331	
0.163866	0.107705	0.0741763	0.977776	
0.164271	0.109459	0.0763079	0.977349	
0.164761	0.111885	0.0777604	0.976877	
0.166091	0.113703	0.0801297	0.97625	
0.167612	0.117337	0.0819153	0.975412	
0.170255	0.119603	0.0856292	0.974359	
0.172085	0.122825	0.0874386	0.973476	
0.174253	0.125001	0.0906433	0.97252	
0.176691	0.126501	0.0950769	0.971462	
0.179492	0.128107	0.100418	0.9702	
0.181927	0.129424	0.105328	0.96905	
0.184083	0.128976	0.110394	0.968138	
0.185477	0.129523	0.113681	0.967418	
0.186811	0.129803	0.116778	0.966755	
0.187671	0.130122	0.119108	0.966261	
0.188935	0.130388	0.122742	0.965524	
0.188959	0.130654	0.123972	0.965326	
0.188792	0.130682	0.125522	0.965155	
0.18869	0.130482	0.127532	0.964938	
0.18806	0.130549	0.128565	0.964915	
0.187091	0.130509	0.129068	0.965042	
0.185675	0.130811	0.128684	0.965326	
0.185164	0.130471	0.130577	0.965216	
0.18457	0.130658	0.132103	0.965096	
0.182621	0.129163	0.131855	0.965702	
0.181444	0.128632	0.132947	0.965845	
0.179539	0.128456	0.132873	0.966235	
0.178681	0.127712	0.134449	0.966274	
0.177445	0.126764	0.135394	0.966495	
0.176825	0.125554	0.137103	0.966526	
0.175547	0.125312	0.137197	0.966777	
0.175113	0.124818	0.138683	0.966707	
0.174565	0.122833	0.140817	0.966752	
0.173125	0.120913	0.140833	0.967251	
0.172431	0.118873	0.142113	0.96744	
0.171576	0.117675	0.14271	0.967651	
0.170757	0.116765	0.142697	0.967908	
0.169539	0.115254	0.142051	0.968398	
0.168643	0.114891	0.141547	0.968671	
0.16793	0.113181	0.142309	0.968885	
0.166679	0.112868	0.141197	0.9693	
0.166426	0.111836	0.142016	0.969343	
0.165323	0.1112	0.141276	0.969713	
0.164982	0.109741	0.14236	0.969779	
0.163323	0.108339	0.140705	0.970459	
0.162713	0.107487	0.140865	0.970633	
0.162337	0.106599	0.141954	0.970635	
0.160872	0.105653	0.140785	0.971152	
0.160388	0.105453	0.140967	0.971228	
0.160699	0.106722	0.141947	0.970895	
0.160037	0.107015	0.141711	0.971007	
0.15989	0.106121	0.142878	0.970958	
0.159959	0.104619	0.144859	0.970816	
0.159335	0.104134	0.144728	0.97099	
0.1588	0.104045	0.14426	0.971157	
0.158722	0.103605	0.145028	0.971103	
0.155268	0.102566	0.139328	0.972605	
0.154795	0.102618	0.139207	0.972692	
0.155464	0.103572	0.140584	0.972286	
0.15524	0.104115	0.140727	0.972243	
0.154477	0.103617	0.140511	0.972449	
0.153999	0.102141	0.141185	0.972583	
0.153787	0.102295	0.141268	0.972589	
0.154215	0.102218	0.142149	0.972401	
0.153858	0.102395	0.14143	0.972543	
0.153745	0.10198	0.140959	0.972673	
0.152343	0.102	0.137724	0.973355	
0.151919	0.102306	0.135924	0.973642	
0.151831	0.102616	0.134538	0.973816	
0.153034	0.104598	0.13486	0.973372	
0.153409	0.105637	0.134188	0.973294	
0.153949	0.105808	0.134027	0.973212	
0.153663	0.105944	0.132526	0.973448	
0.153154	0.106397	0.130464	0.973757	
0.153944	0.10711	0.130456	0.973555	
0.154079	0.1078	0.129716	0.973557	
0.154141	0.10813	0.128954	0.973611	
0.154719	0.108001	0.129608	0.973447	
0.154221	0.108478	0.127994	0.973687	
0.15403	0.107963	0.127662	0.973818	
0.154946	0.109029	0.128919	0.973388	
0.154902	0.109405	0.129179	0.973318	
0.154975	0.109734	0.130107	0.973146	
0.15522	0.108598	0.132043	0.972974	
0.155578	0.109049	0.133904	0.972612	
0.155216	0.109532	0.134782	0.972494	
0.155701	0.109938	0.137278	0.972021	
0.155461	0.110878	0.138383	0.971796	
0.15594	0.112292	0.140554	0.971246	
0.155648	0.112183	0.142351	0.971043	
0.155578	0.110385	0.145567	0.970784	
0.155275	0.109679	0.148098	0.970529	
0.155066	0.110858	0.149748	0.970175	
0.154147	0.111531	0.151221	0.970016	
0.151495	0.106991	0.154735	0.970391	
0.151599	0.107685	0.158451	0.969698	
0.15209	0.107958	0.163516	0.96875	
0.151627	0.109745	0.165703	0.96825	
0.151507	0.110118	0.169307	0.967603	
0.151403	0.110845	0.172825	0.966914	
0.151219	0.11208	0.175551	0.966309	
0.15077	0.111887	0.178046	0.965945	
0.150365	0.112486	0.179847	0.965605	
0.149685	0.112565	0.18132	0.965426	
0.150556	0.113369	0.185537	0.964394	
0.15034	0.113026	0.188197	0.963953	
0.149897	0.113304	0.190102	0.963615	
0.149294	0.113171	0.191476	0.963452	
0.147828	0.113358	0.190712	0.963808	
0.146666	0.113558	0.190383	0.964027	
0.14579	0.114106	0.190157	0.96414	
0.145593	0.115786	0.19044	0.963913	
0.143785	0.116531	0.188158	0.964543	
0.142687	0.116795	0.18681	0.964936	
0.141362	0.116155	0.184859	0.965584	
0.139794	0.114604	0.18288	0.966374	
0.138239	0.112852	0.180298	0.967289	
0.137792	0.11187	0.179231	0.967665	
0.139254	0.110961	0.181259	0.967182	
0.138106	0.110231	0.178173	0.968003	
0.136705	0.108777	0.175209	0.968907	
0.134379	0.107314	0.169772	0.970363	
0.132578	0.106148	0.165598	0.971459	
0.130789	0.10481	0.161347	0.972562	
0.128852	0.102396	0.157357	0.97373	
0.127527	0.100136	0.154746	0.974558	
0.1259	0.0991224	0.151192	0.975431	
0.123888	0.0977015	0.147531	0.976392	
0.121386	0.0962484	0.143189	0.977496	
0.119485	0.0959712	0.139187	0.978335	
0.11685	0.0946182	0.134084	0.979497	
0.114231	0.0928711	0.128669	0.980699	
0.113173	0.0925419	0.125344	0.981283	
0.112633	0.0923591	0.12316	0.981639	
0.112373	0.093539	0.121334	0.981785	
0.112592	0.0947584	0.12061	0.981732	
0.113273	0.0970468	0.120551	0.981437	
0.112657	0.0984639	0.118684	0.981594	




0.00368839	-0.0196715	-0.0700521	0.997343	
0.00430183	-0.0210385	-0.0690109	0.997385	
0.00467797	-0.02405	-0.0680663	0.99738	
0.00481869	-0.0249147	-0.0674773	0.997398	
0.00467289	-0.0249294	-0.0674424	0.997401	
0.00499966	-0.0253897	-0.0671985	0.997404	
0.00495303	-0.0258901	-0.0676137	0.997363	
0.00458279	-0.025792	-0.0687247	0.997292	
0.00376944	-0.0255608	-0.0706344	0.997168	
0.00367837	-0.024803	-0.0713115	0.997139	
0.00424415	-0.0249961	-0.0711383	0.997144	
0.00439863	-0.0249313	-0.0714538	0.997123	
0.00424553	-0.0250165	-0.0723001	0.99706	
0.00553755	-0.0256729	-0.0713252	0.997107	
0.0061659	-0.0258248	-0.0718946	0.997059	
0.00740777	-0.0249205	-0.0722622	0.997047	
0.009302	-0.0238804	-0.0717652	0.997092	
0.0106218	-0.0237988	-0.0719504	0.997068	
0.0126209	-0.0241945	-0.0708351	0.997115	
0.0136076	-0.0244718	-0.0713029	0.997062	
0.0156551	-0.0259542	-0.0700541	0.997083	
0.0162903	-0.0258944	-0.0708987	0.997014	
0.0173229	-0.0252693	-0.0715457	0.996967	
0.0188804	-0.0243413	-0.0719286	0.996934	
0.0205064	-0.0235721	-0.0728789	0.996851	
0.0225374	-0.0234394	-0.0735266	0.996763	
0.024123	-0.0250442	-0.0748061	0.996592	
0.0268629	-0.02712	-0.0743472	0.996502	
0.0285786	-0.0285971	-0.0755421	0.996323	
0.031787	-0.0297254	-0.0742389	0.99629	
0.0347341	-0.0298306	-0.0742293	0.99619	
0.0373961	-0.0283981	-0.0740756	0.996147	
0.0436868	-0.0260029	-0.0686478	0.996345	
0.0479363	-0.0221258	-0.0658928	0.996429	
0.05389	-0.019217	-0.0598167	0.996568	
0.0579615	-0.0160107	-0.0562644	0.996603	
0.0622353	-0.0118801	-0.0518184	0.996645	
0.0663904	-0.00723962	-0.0469038	0.996664	
0.0693109	-0.00199643	-0.042751	0.996677	
0.072704	0.00236205	-0.0364714	0.996684	
0.0761104	0.00585905	-0.0293192	0.996651	
0.0785083	0.00777483	-0.0237853	0.996599	
0.0812104	0.00821528	-0.0187758	0.996486	
0.0844639	0.00790816	-0.0147845	0.996285	
0.0869916	0.00755516	-0.0144141	0.996076	
0.0902368	0.00826542	-0.0144277	0.995782	
0.0935947	0.00751813	-0.0140311	0.995483	
0.0965502	0.00654681	-0.0143317	0.995203	
0.099097	0.00532779	-0.014413	0.994959	
0.101487	0.00545385	-0.0139516	0.994724	
0.103456	0.00558576	-0.013489	0.994527	
0.105487	0.00725387	-0.0119773	0.994322	
0.106286	0.00814001	-0.0117571	0.994233	
0.106901	0.0106162	-0.0114955	0.994147	
0.10717	0.0145941	-0.0109402	0.994073	
0.106963	0.0234235	-0.0102629	0.993934	
0.105508	0.0281217	-0.0104328	0.993966	
0.103831	0.0328813	-0.00958273	0.994005	
0.0987919	0.0385321	-0.0134718	0.994271	
0.0976017	0.0450864	-0.0105069	0.994148	
0.0956339	0.0510277	-0.00801159	0.994076	
0.0942248	0.0562723	-0.00413235	0.993951	
0.0918555	0.0605074	-0.00211808	0.99393	
0.0905137	0.0630831	0.00197447	0.993893	
0.0896429	0.0649644	0.00676866	0.99383	
0.0895019	0.0662272	0.0125436	0.993703	
0.0887357	0.0665363	0.0168023	0.993688	
0.0890786	0.066981	0.0223817	0.993518	
0.088674	0.0664947	0.0256967	0.993506	
0.088359	0.0658415	0.0286962	0.993496	
0.0881998	0.0644977	0.0315505	0.993512	
0.0889067	0.0639631	0.0358107	0.993339	
0.0899638	0.0635176	0.0406111	0.993087	
0.0904842	0.0634993	0.0438092	0.992905	
0.09135	0.0637779	0.0471948	0.992653	
0.0912121	0.0628922	0.0487042	0.992649	
0.092551	0.0635454	0.0518024	0.992327	
0.0929122	0.0635577	0.0525734	0.992252	
0.0938548	0.0632499	0.0540437	0.992104	
0.0952099	0.0628011	0.055442	0.991926	
0.0974434	0.0628361	0.0575548	0.991587	
0.0993617	0.0625777	0.058499	0.991357	
0.101015	0.061508	0.0583637	0.991265	
0.103121	0.0604779	0.0584121	0.991109	
0.105669	0.0600622	0.059024	0.990829	
0.107292	0.0598238	0.0576472	0.99075	
0.109035	0.0595631	0.0566047	0.990636	
0.110289	0.0601297	0.0551541	0.990545	
0.111498	0.0591622	0.054136	0.990524	
0.112884	0.058105	0.0537337	0.990451	
0.114614	0.0581152	0.0538193	0.990247	
0.115552	0.0567037	0.0534377	0.990241	
0.115355	0.0555808	0.051274	0.990442	
0.11547	0.0545527	0.0496858	0.990567	
0.115313	0.0532602	0.0479564	0.99074	
0.115602	0.0535976	0.0472288	0.990723	
0.115619	0.0538505	0.0467824	0.990729	
0.115709	0.0551227	0.0465289	0.99066	
0.115004	0.0553788	0.0457137	0.990766	
0.115386	0.0563612	0.0466575	0.990622	
0.115317	0.0578335	0.0468523	0.990536	
0.114032	0.058164	0.0457407	0.990718	
0.113102	0.0595075	0.0453141	0.990764	
0.113215	0.0604932	0.0466063	0.990631	
0.112177	0.0602749	0.0462741	0.990779	
0.112166	0.0595712	0.0480067	0.99074	
0.111554	0.0589823	0.0487797	0.990806	
0.111519	0.0597479	0.050297	0.990689	
0.111161	0.0602284	0.0518092	0.990622	
0.112074	0.0624986	0.0550138	0.990205	
0.11225	0.0627175	0.0582411	0.989987	
0.1114	0.0624589	0.0600829	0.989989	
0.110375	0.0623345	0.0618561	0.990003	
0.109588	0.0626558	0.0643314	0.989912	
0.109218	0.060723	0.0683895	0.989802	
0.108064	0.058874	0.0709031	0.989863	
0.105902	0.0567956	0.0713942	0.990183	
0.10401	0.055536	0.0721576	0.990399	
0.101769	0.0525943	0.0729003	0.990738	
0.0991732	0.049963	0.072829	0.991143	
0.0952887	0.0473138	0.0700833	0.991852	
0.0919253	0.0436599	0.0680107	0.992481	
0.0884107	0.0390483	0.0649808	0.993195	
0.085423	0.0349038	0.0614215	0.993837	
0.0825418	0.0317518	0.0571806	0.994439	
0.0791547	0.0288304	0.0512027	0.995129	
0.0763996	0.0265828	0.0452852	0.995694	
0.0749261	0.0245957	0.0401306	0.996078	
0.0736591	0.0225192	0.0343258	0.996438	
0.0746947	0.0212484	0.0305195	0.996513	
0.075009	0.0188735	0.0247891	0.996696	
0.0776509	0.0152184	0.0224165	0.996612	
0.0809142	0.0121975	0.0201294	0.996443	
0.0840997	0.0105372	0.0168729	0.996259	
0.0878363	0.00855048	0.0144812	0.995993	
0.0910457	0.00701753	0.0115272	0.995755	
0.0948106	0.00557852	0.0100434	0.995429	
0.0991421	0.00386257	0.00985913	0.995017	
0.104156	0.00266735	0.011431	0.994492	
0.107462	0.00200083	0.0117895	0.994137	
0.110838	0.00251502	0.0128933	0.993752	
0.113681	0.00341698	0.0148863	0.9934	
0.115227	0.00367041	0.01679	0.993191	
0.116462	0.00641879	0.0193477	0.992986	
0.116444	0.00673299	0.0223827	0.992922	
0.116184	0.00798225	0.0268657	0.992832	
0.114452	0.010293	0.0307487	0.992899	
0.112538	0.0137641	0.0359307	0.992902	
0.109307	0.0194855	0.0404394	0.992994	
0.106105	0.0251514	0.0477552	0.992889	
0.100483	0.0293423	0.0543359	0.993021	
0.0944105	0.0324211	0.0628479	0.993018	
0.0835632	0.032925	0.062443	0.993999	
0.0760842	0.0338572	0.0697044	0.994086	
0.0679937	0.0340062	0.0755567	0.994239	
0.059655	0.0335877	0.0794484	0.994485	
0.051287	0.0317168	0.0814767	0.994849	
0.0432659	0.0298313	0.0807392	0.995349	
0.0371645	0.0284881	0.0797941	0.995711	
0.0322438	0.0324645	0.0765819	0.996013	
0.0308072	0.0318365	0.0754952	0.996162	
0.0289546	0.0306775	0.0701066	0.996647	
0.0281599	0.0286551	0.0637484	0.997157	
0.0300348	0.0250129	0.0601494	0.997424	
0.0324461	0.0190433	0.0556793	0.99774	
0.0346542	0.0125553	0.0485163	0.998142	
0.0389302	0.00597422	0.0429337	0.998301	
0.0434587	-0.001795	0.0366717	0.99838	
0.0487906	-0.0100517	0.0310315	0.998276	
0.0527879	-0.0186286	0.0232793	0.998161	
0.0586862	-0.0268038	0.0186989	0.997741	
0.0633945	-0.0351721	0.0135706	0.997276	
0.0669836	-0.0449749	0.00835978	0.996705	
0.0703308	-0.0533951	0.00376789	0.996087	
0.0737476	-0.060603	-7.60503e-005	0.995434	
0.0755116	-0.0656613	-0.00555829	0.994965	
0.0759742	-0.069453	-0.012077	0.994615	
0.0774091	-0.070222	-0.0165138	0.994386	
0.0772501	-0.0689118	-0.0218493	0.994387	
0.0764359	-0.0655294	-0.0264241	0.994568	
0.0753555	-0.0599467	-0.029263	0.994923	
0.0747034	-0.0551829	-0.0295328	0.99524	
0.0739376	-0.0503664	-0.0281691	0.995592	
0.0726479	-0.0458381	-0.0256915	0.995972	
0.0705505	-0.0402028	-0.0236208	0.996418	
0.0685842	-0.0355862	-0.0202282	0.996805	
0.0662644	-0.0301186	-0.0166237	0.997209	
0.0636852	-0.0242414	-0.0125424	0.997597	
0.0601311	-0.0194669	-0.00898925	0.99796	
0.0575357	-0.014092	-0.00387868	0.998236	
0.0551181	-0.00891282	0.00144218	0.998439	
0.0526117	-0.00335956	0.00587367	0.998592	
0.0502643	-2.58189e-006	0.01022	0.998684	
0.0476894	0.00180709	0.0135028	0.998769	
0.0452177	0.00279511	0.0161439	0.998843	
0.0430187	0.00214898	0.0187415	0.998896	
0.0432612	0.000909057	0.0238649	0.998778	
0.0411506	0.000362157	0.0235606	0.998875	
0.0412955	-0.000197243	0.0252467	0.998828	
0.0410894	-0.00112977	0.025561	0.998828	
0.0407029	-0.00181614	0.0248685	0.99886	
0.0408201	-0.00353475	0.0245969	0.998857	
0.0409566	-0.00608754	0.0239142	0.998856	
0.0412117	-0.00871749	0.0223269	0.998863	
0.0416538	-0.0111887	0.0203913	0.998861	
0.04223	-0.0142586	0.0184287	0.998836	
0.0443405	-0.0189571	0.0185403	0.998665	
0.0445745	-0.022015	0.0156766	0.99864	
0.0448805	-0.024395	0.0129932	0.99861	
0.046025	-0.0253511	0.0121761	0.998544	
0.0455191	-0.0266959	0.010276	0.998554	
0.0452452	-0.0259617	0.0094345	0.998594	
0.0452062	-0.0236326	0.00939942	0.998654	
0.0448508	-0.0212523	0.00967182	0.998721	
0.0428042	-0.0188881	0.00816257	0.998872	
0.0427019	-0.0172267	0.00994212	0.99889	
0.04234	-0.0156152	0.0120224	0.998909	
0.0417305	-0.0151014	0.0139767	0.998917	
0.0409416	-0.0136346	0.0156865	0.998945	
0.0394773	-0.0132153	0.0163842	0.998999	
0.0381163	-0.0128486	0.0172183	0.999042	
0.0378541	-0.0131236	0.01937	0.999009	
0.0357339	-0.0151458	0.0189703	0.999066	
0.0333965	-0.0174535	0.0180898	0.999126	
0.0317557	-0.0205798	0.0183194	0.999116	
0.0299788	-0.0240654	0.0181504	0.999096	
0.0280441	-0.0259388	0.0172839	0.999121	
0.02671	-0.0264988	0.0164898	0.999156	
0.0249505	-0.0264752	0.0147002	0.99923	
0.0232012	-0.0265235	0.0126847	0.999298	
0.0221708	-0.0267039	0.0114944	0.999331	
0.0216779	-0.0269541	0.0107291	0.999344	
0.0209645	-0.0282044	0.00989379	0.999333	
0.0203635	-0.028181	0.0089266	0.999356	
0.0214816	-0.0276497	0.0100421	0.999336	
0.0218569	-0.0265179	0.00953184	0.999364	
0.0221497	-0.0247488	0.00923638	0.999406	
0.0230355	-0.0251786	0.0102592	0.999365	
0.0232253	-0.0240786	0.0101387	0.999389	
0.0232201	-0.0250538	0.00999127	0.999366	
0.0232111	-0.0260918	0.00998402	0.99934	
0.0233722	-0.0268434	0.010557	0.999311	
0.0234513	-0.0270955	0.010742	0.9993	
0.0225296	-0.0272171	0.0093613	0.999332	
0.0222476	-0.0271811	0.00883946	0.999344	
0.0231806	-0.0274325	0.010174	0.999303	
0.0234125	-0.0278343	0.0108394	0.99928	
0.0229742	-0.0284495	0.0106203	0.999275	
0.0228763	-0.0296056	0.0108705	0.999241	
0.0224109	-0.0298216	0.0102876	0.999251	
0.0223547	-0.029404	0.00996045	0.999268	
0.0218053	-0.0296327	0.0090484	0.999282	
0.0213601	-0.0295054	0.00820221	0.999303	
0.0215822	-0.0288714	0.00813285	0.999317	
0.0215002	-0.0281298	0.00762038	0.999344	
0.0216866	-0.028553	0.00737171	0.99933	
0.0212191	-0.0279926	0.00633304	0.999363	
0.0221494	-0.0277961	0.00734484	0.999341	
0.0211014	-0.0275075	0.00578331	0.999382	
0.0222266	-0.0272203	0.00731787	0.999356	
0.0230649	-0.0269362	0.00856723	0.999334	
0.0242817	-0.0269545	0.0105126	0.999286	
0.0244893	-0.0275953	0.0108596	0.99926	
0.0250007	-0.0270949	0.0116843	0.999252	
0.026284	-0.0264166	0.013431	0.999215	
0.0265893	-0.0258467	0.0136781	0.999219	
0.0265449	-0.0251208	0.0136775	0.999238	
0.026796	-0.0238296	0.0137718	0.999262	
0.0270806	-0.0228333	0.0138283	0.999277	
0.0275906	-0.0218265	0.0141002	0.999282	
0.0275248	-0.0206153	0.0133087	0.99932	
0.0288063	-0.0200747	0.0145794	0.999277	
0.0297653	-0.0200514	0.0154425	0.999236	
0.0309479	-0.0200753	0.0169517	0.999176	
0.0321671	-0.0194783	0.0183784	0.999124	
0.0335034	-0.0195134	0.0202497	0.999043	
0.0335111	-0.0198936	0.0203789	0.999033	
0.0342816	-0.0205574	0.021915	0.99896	
0.0334996	-0.0206052	0.0209621	0.999006	
0.0344269	-0.0193353	0.0221934	0.998974	
0.0343807	-0.018381	0.0219287	0.998999	
0.0353607	-0.0182281	0.0237469	0.998926	
0.0349255	-0.018176	0.0235508	0.998947	
0.0354372	-0.0186773	0.0249463	0.998886	
0.0354857	-0.019587	0.0254445	0.998854	
0.0351878	-0.020003	0.0254104	0.998857	
0.0351341	-0.0228645	0.0259559	0.998784	
0.0362997	-0.0227688	0.0276843	0.998698	
0.0359841	-0.0221548	0.0274836	0.998729	
0.0355766	-0.0229111	0.0274462	0.998727	
0.034694	-0.0240762	0.0270638	0.998741	
0.034085	-0.0244707	0.0268173	0.998759	
0.0340419	-0.0252129	0.0276599	0.998719	
0.0329639	-0.026246	0.0267413	0.998754	
0.032069	-0.0261369	0.0258541	0.998809	
0.0314431	-0.0259831	0.0255785	0.99884	
0.0309364	-0.0263889	0.0253933	0.99885	
0.0298627	-0.0274411	0.0244271	0.998879	
0.0291908	-0.0280899	0.0240407	0.99889	
0.0291675	-0.0285376	0.0244249	0.998869	
0.0290415	-0.0279602	0.024218	0.998894	
0.0285965	-0.0276517	0.0238396	0.998924	
0.027696	-0.0276053	0.022533	0.998981	
0.0293825	-0.0290247	0.025517	0.998821	
0.0295419	-0.0284658	0.0259506	0.998821	
0.0297605	-0.0280846	0.0263125	0.998816	
0.0289755	-0.0277816	0.0251688	0.998877	
0.0279807	-0.0278931	0.0237163	0.998938	
0.0271105	-0.0279519	0.0223553	0.998991	
0.0278546	-0.0282263	0.0234245	0.998939	
0.0275537	-0.0283466	0.0228186	0.998958	
0.0278701	-0.0284955	0.0232319	0.998935	
0.0271486	-0.0288678	0.0222935	0.998966	
0.0272113	-0.0280781	0.0224136	0.998984	
0.0267733	-0.0277313	0.0218411	0.999018	
0.0268686	-0.0269952	0.0216965	0.999039	
0.0272044	-0.0256832	0.0220365	0.999057	
0.0273835	-0.025216	0.022486	0.999054	
0.0259748	-0.0251107	0.0203193	0.999141	
0.0255114	-0.0235152	0.0193341	0.999211	
0.0253217	-0.0226228	0.0188511	0.999246	
0.025874	-0.0228105	0.0195042	0.999215	
0.0256235	-0.0239605	0.0191661	0.999201	
0.0260465	-0.0234848	0.0194428	0.999196	
0.0254482	-0.0229156	0.0182617	0.999247	
0.0257628	-0.0219529	0.0184182	0.999257	
0.0259647	-0.0224996	0.0186283	0.999236	
0.0260967	-0.022086	0.0188268	0.999238	
0.0258398	-0.0221207	0.0188169	0.999244	
0.0264159	-0.0223638	0.0196642	0.999207	
0.0275611	-0.0219556	0.0209735	0.999159	
0.0275746	-0.0215193	0.0208843	0.99917	
0.0275305	-0.0218025	0.0209788	0.999163	
0.0281234	-0.0213276	0.0218606	0.999138	
0.028072	-0.020509	0.0218012	0.999158	
0.0287156	-0.0204443	0.0227676	0.999119	
0.0277736	-0.0208482	0.0215319	0.999165	
0.0275889	-0.0211699	0.0213865	0.999166	
0.0292767	-0.0217961	0.0242045	0.999041	
0.0294429	-0.0224336	0.0248162	0.999007	
0.0292441	-0.0234567	0.0249605	0.998985	
0.0291823	-0.0245404	0.0250297	0.998959	
0.029115	-0.0245082	0.0249681	0.998964	
0.0285563	-0.0235196	0.0240957	0.999025	
0.0278052	-0.0237512	0.0232515	0.999061	
0.0267965	-0.0230884	0.0218168	0.999136	
0.0262531	-0.0232346	0.0210843	0.999163	
0.0268636	-0.0232097	0.0220633	0.999126	
0.0275711	-0.024144	0.0235197	0.999051	
0.0262755	-0.0240131	0.021532	0.999134	
0.0271065	-0.0230389	0.0223056	0.999118	
0.0262889	-0.0227161	0.0208112	0.99918	




0.00838557	-0.0470899	-0.0574633	0.997201	
0.0105453	-0.0490681	-0.0606127	0.996899	
0.0120301	-0.0491638	-0.0626337	0.996752	
0.0111896	-0.0532712	-0.0670008	0.996267	
0.0136175	-0.0566435	-0.0656442	0.996141	
0.0153111	-0.0578639	-0.066289	0.996004	
0.0184839	-0.05571	-0.0653546	0.996134	
0.0205664	-0.0504832	-0.0648479	0.996405	
0.0232662	-0.0443094	-0.0615164	0.996851	
0.0244582	-0.0374683	-0.0582516	0.997299	
0.0253823	-0.0295977	-0.0533686	0.997813	
0.0261168	-0.0201729	-0.0466398	0.998367	
0.0259302	-0.0110986	-0.0399134	0.998805	
0.0251931	-0.00291677	-0.0342425	0.999092	
0.0239402	0.00235087	-0.0309908	0.99923	
0.0218041	0.00420963	-0.029581	0.999316	
0.0222429	0.00324914	-0.0243481	0.999451	
0.0223338	-0.00031854	-0.0209034	0.999532	
0.0213086	-0.00539913	-0.0206747	0.999545	
0.0217545	-0.0116523	-0.0190077	0.999515	
0.0214155	-0.0192186	-0.019802	0.99939	
0.0219734	-0.0268164	-0.0210628	0.999177	
0.0207535	-0.0333565	-0.0265868	0.998874	
0.0217046	-0.0391495	-0.0307093	0.998525	
0.0236102	-0.044371	-0.034702	0.998133	
0.0254355	-0.0496402	-0.0395312	0.99766	
0.0279252	-0.0540365	-0.0438552	0.997185	
0.0307627	-0.0573	-0.0475351	0.99675	
0.0326713	-0.0581975	-0.051684	0.996431	
0.034766	-0.0569373	-0.0542646	0.996296	
0.0372142	-0.0541914	-0.0547082	0.996336	
0.0382234	-0.0521569	-0.0550836	0.996386	
0.0421696	-0.0491954	-0.0499669	0.996647	
0.0438248	-0.0454649	-0.0475131	0.996873	
0.0472312	-0.0413656	-0.0427093	0.997113	
0.0500583	-0.0365491	-0.0393453	0.997301	
0.052211	-0.0316218	-0.0372874	0.997439	
0.0549168	-0.0251408	-0.0343066	0.997585	
0.0584924	-0.0187676	-0.0296275	0.997672	
0.0607277	-0.0144642	-0.0263972	0.9977	
0.0640861	-0.0100225	-0.0213248	0.997666	
0.0661977	-0.00413954	-0.0175551	0.997643	
0.0688932	0.000957944	-0.0122009	0.997549	
0.072435	0.00712033	-0.00524276	0.997334	
0.0738916	0.0123129	-0.00207285	0.997188	
0.0756487	0.0194442	0.00140746	0.996944	
0.0774095	0.0265461	0.00561843	0.99663	
0.0784463	0.0345619	0.00928584	0.996276	
0.0807051	0.0417556	0.015297	0.995746	
0.0826324	0.0477726	0.0205674	0.995222	
0.0845524	0.0536667	0.0262839	0.994626	
0.0856078	0.0585096	0.0312079	0.99412	
0.0873492	0.0633123	0.0373734	0.993461	
0.0881451	0.0680889	0.0407672	0.992941	
0.0914172	0.0721881	0.0478084	0.992041	
0.0935621	0.0747603	0.0517588	0.991452	
0.096269	0.0768022	0.0557402	0.990821	
0.0990532	0.0796218	0.0584006	0.990171	
0.102118	0.0808536	0.0618386	0.989551	
0.104601	0.0822986	0.0643705	0.989011	
0.107168	0.0838281	0.0664421	0.98847	
0.110717	0.0851198	0.0700333	0.98772	
0.112691	0.0853325	0.0702683	0.987462	
0.115651	0.0858449	0.0727365	0.986897	
0.116834	0.0852396	0.0720317	0.986861	
0.118771	0.0845968	0.0732383	0.986597	
0.120327	0.0843172	0.0736137	0.986404	
0.12217	0.0842744	0.0745768	0.986109	
0.123778	0.0840015	0.0759152	0.985829	
0.125709	0.0836159	0.0786391	0.985404	
0.126259	0.0850711	0.0785824	0.985214	
0.126239	0.0855743	0.0782507	0.985199	
0.126721	0.0864158	0.0792871	0.984981	
0.12722	0.087479	0.0805446	0.984721	
0.127675	0.0887884	0.0818294	0.984439	
0.127886	0.089088	0.0833014	0.984261	
0.128113	0.0890013	0.0846788	0.984122	
0.128444	0.0903998	0.085614	0.98387	
0.129363	0.0917147	0.0882982	0.983391	
0.12951	0.0926757	0.0896988	0.983154	
0.130113	0.0933727	0.0920442	0.982792	
0.132047	0.094885	0.0967113	0.981941	
0.132264	0.09368	0.0991863	0.98178	
0.132401	0.0932979	0.101077	0.981605	
0.132353	0.0933213	0.103106	0.981398	
0.133244	0.0935123	0.107244	0.980816	
0.132699	0.0930404	0.108382	0.98081	
0.132225	0.0927011	0.109352	0.980798	
0.131683	0.0922044	0.110641	0.980773	
0.130792	0.0928699	0.110665	0.980827	
0.13009	0.0936842	0.110395	0.980873	
0.129356	0.0941794	0.110195	0.980946	
0.129536	0.094176	0.11168	0.980754	
0.130403	0.0930784	0.115426	0.98031	
0.129817	0.0919672	0.115869	0.980441	
0.129854	0.091287	0.116935	0.980373	
0.129876	0.0903143	0.118085	0.980322	
0.12975	0.0899953	0.118183	0.980356	
0.1296	0.0889972	0.118182	0.980467	
0.13048	0.087537	0.120199	0.980237	
0.130438	0.088142	0.119239	0.980306	
0.130117	0.0860738	0.11879	0.980586	
0.129707	0.0854875	0.117463	0.980852	
0.127591	0.0829434	0.113516	0.981812	
0.126285	0.0809774	0.111022	0.98243	
0.125215	0.0798834	0.108617	0.982925	
0.123263	0.0774981	0.105198	0.983735	
0.12258	0.0743015	0.10518	0.984068	
0.121909	0.0730852	0.103751	0.984394	
0.121433	0.0716343	0.102066	0.984736	
0.120387	0.0703302	0.0986433	0.985307	
0.11915	0.0686606	0.0946745	0.985964	
0.118633	0.0665183	0.0919967	0.986427	
0.11788	0.0639329	0.0886913	0.986991	
0.117563	0.0635005	0.0851522	0.987368	
0.117984	0.0625628	0.0829639	0.987564	
0.119412	0.0619621	0.0824088	0.987477	
0.120865	0.0620142	0.0821124	0.987321	
0.122131	0.0618454	0.0820329	0.987183	
0.123893	0.0612527	0.0837664	0.986855	
0.124476	0.060026	0.0837485	0.986858	
0.123717	0.0584002	0.0820435	0.987194	
0.123065	0.0556582	0.0811497	0.987508	
0.121704	0.0531692	0.0794583	0.987951	
0.119723	0.0480337	0.0779924	0.988573	
0.117418	0.0435819	0.0763174	0.989186	
0.115383	0.0397553	0.0755801	0.989643	
0.111672	0.0359093	0.0717092	0.990504	
0.107539	0.0325098	0.0669842	0.991409	
0.102316	0.0283536	0.0605829	0.9925	
0.0985924	0.0255909	0.0562929	0.993205	
0.0939967	0.0223775	0.0502484	0.994052	
0.090935	0.0184297	0.0455596	0.994643	
0.0874928	0.0147063	0.0396082	0.995269	
0.0861243	0.0106625	0.0364156	0.995562	
0.085814	0.00757794	0.0342168	0.995695	
0.084755	0.00347903	0.0306523	0.995924	
0.0848398	-0.000292391	0.0285001	0.995987	
0.0853451	-0.00499196	0.0283297	0.995936	
0.0843331	-0.0111602	0.0274212	0.995998	
0.0814128	-0.016601	0.0246475	0.996237	
0.0792279	-0.0228187	0.0236393	0.996315	
0.0760837	-0.0284678	0.0211671	0.99647	
0.0732058	-0.035167	0.0186819	0.996522	
0.0696736	-0.0448812	0.015206	0.996444	
0.0670197	-0.0539094	0.0119735	0.996222	
0.063397	-0.0626689	0.00629647	0.995999	
0.0594523	-0.0708582	-0.00108813	0.995712	
0.0563374	-0.0779652	-0.00815931	0.99533	
0.0536767	-0.085472	-0.0157102	0.99477	
0.0522969	-0.0910754	-0.0220446	0.994226	
0.0526979	-0.0962944	-0.0265423	0.993602	
0.0540359	-0.101425	-0.0300945	0.992919	
0.0549428	-0.105291	-0.0341753	0.992334	
0.056361	-0.107856	-0.037636	0.991854	
0.0580909	-0.111479	-0.0402843	0.991249	
0.0586828	-0.114648	-0.0436422	0.990711	
0.0621954	-0.117495	-0.0430075	0.99019	
0.0641618	-0.119507	-0.0439234	0.989784	
0.0666701	-0.119847	-0.0437555	0.989584	
0.0705689	-0.119328	-0.0412683	0.989484	
0.0738308	-0.116496	-0.0389953	0.989675	
0.0772903	-0.1115	-0.036023	0.990099	
0.0827098	-0.104441	-0.0305058	0.990616	
0.0884369	-0.0962015	-0.0242831	0.991128	
0.0954716	-0.0859015	-0.0152704	0.991601	
0.102213	-0.0743489	-0.00505814	0.991967	
0.107043	-0.0608631	0.0034518	0.992384	
0.111955	-0.0463581	0.0134337	0.99254	
0.115108	-0.0284313	0.0220329	0.992702	
0.116186	-0.0123301	0.0294889	0.992713	
0.114742	0.00195095	0.036038	0.99274	
0.11175	0.0142229	0.041084	0.992785	
0.107007	0.0242369	0.0443706	0.992972	
0.100577	0.0292876	0.0451746	0.993472	
0.0926702	0.0340727	0.0444646	0.99412	
0.0838872	0.0341262	0.0408245	0.995054	
0.0749088	0.0317165	0.0347685	0.996079	
0.0668068	0.0261139	0.0268861	0.997062	
0.0610687	0.0183869	0.01984	0.997767	
0.0549868	0.00873935	0.0100358	0.998398	
0.051607	-0.00282384	0.00233912	0.998661	
0.0500608	-0.0159442	-0.00500565	0.998606	
0.0498614	-0.027878	-0.0117464	0.998298	
0.0506308	-0.0432845	-0.0184814	0.997608	
0.0539815	-0.0566783	-0.0222394	0.996684	
0.0562024	-0.071916	-0.0277079	0.99544	
0.058	-0.0858074	-0.0333391	0.994063	
0.0595605	-0.099342	-0.0384474	0.992525	
0.0609489	-0.111199	-0.0425377	0.991015	
0.0618924	-0.120515	-0.0458497	0.989719	
0.064171	-0.123667	-0.0475622	0.989104	
0.0681615	-0.122143	-0.0474585	0.989031	
0.0718804	-0.115896	-0.0469367	0.989544	
0.0759945	-0.109125	-0.0437165	0.990154	
0.0807826	-0.100122	-0.0377757	0.990971	
0.0845508	-0.0919127	-0.0312803	0.991678	
0.0886326	-0.0819537	-0.0231946	0.992416	
0.0913226	-0.0709067	-0.0159624	0.993165	
0.0938719	-0.0585075	-0.0079002	0.993832	
0.0958992	-0.0463759	0.000260454	0.99431	
0.0960922	-0.0340679	0.00627926	0.994769	
0.0959163	-0.0222057	0.0122962	0.995066	
0.095579	-0.0115385	0.0185825	0.995181	
0.0955858	-7.20263e-005	0.0256589	0.99509	
0.0938734	0.0117197	0.029302	0.995084	
0.092205	0.0221223	0.0322963	0.99497	
0.0905228	0.0307079	0.0350368	0.994804	
0.0904036	0.0373326	0.0403447	0.994387	
0.0901655	0.0424947	0.0447196	0.994014	
0.0906798	0.0457877	0.0493108	0.993604	
0.091645	0.0461444	0.0532002	0.993298	
0.0918539	0.0463567	0.0532526	0.993266	
0.0941444	0.0454564	0.0549682	0.993	
0.0972108	0.0433879	0.0564397	0.992715	
0.10022	0.040274	0.0560625	0.992568	
0.10412	0.035474	0.0561927	0.992342	
0.10851	0.0310415	0.0561322	0.992024	
0.111822	0.026296	0.0534839	0.991939	
0.116281	0.0225715	0.0524861	0.991572	
0.120237	0.0177104	0.0512294	0.991264	
0.124344	0.0145784	0.0502915	0.990857	
0.129327	0.0121879	0.0512511	0.990202	
0.133343	0.00994313	0.0515604	0.989678	
0.137324	0.00815771	0.0525254	0.989099	
0.139925	0.00597538	0.0528668	0.988732	
0.141144	0.00357168	0.0526394	0.988582	
0.139494	0.00267156	0.048805	0.989016	
0.138403	0.00237364	0.0471494	0.98925	
0.137008	0.00326879	0.0457209	0.989509	
0.136617	0.00520941	0.0469456	0.989497	
0.133213	0.00648788	0.0445482	0.990064	
0.130474	0.0088392	0.0440239	0.990434	
0.127994	0.0103266	0.0449207	0.990703	
0.125483	0.0138786	0.045228	0.990967	
0.123293	0.0181058	0.0461932	0.991129	
0.122765	0.0222866	0.0497242	0.990939	
0.121462	0.0242586	0.0526873	0.9909	
0.119875	0.0293047	0.0540219	0.990885	
0.119233	0.0304859	0.0577453	0.990717	
0.117412	0.030972	0.0594595	0.990818	
0.11692	0.0310047	0.0634439	0.990628	
0.115698	0.0314642	0.0654651	0.990625	
0.114516	0.0303358	0.0677402	0.990645	
0.112161	0.0290931	0.0680595	0.99093	
0.109959	0.0286091	0.0680084	0.991194	
0.106617	0.0271501	0.0659758	0.991737	
0.103995	0.0261772	0.0647193	0.992125	
0.101685	0.0252702	0.0636304	0.992458	
0.099204	0.0242815	0.0617385	0.992853	
0.0977094	0.0237963	0.0605204	0.993088	
0.0952879	0.0234125	0.056713	0.993557	
0.09434	0.0229867	0.0543921	0.993787	
0.0955488	0.0235069	0.054027	0.993679	
0.0972242	0.02278	0.0541437	0.993528	
0.0994651	0.0222136	0.0546858	0.993289	
0.102243	0.022022	0.0555556	0.992963	
0.104654	0.0197039	0.0568107	0.992689	
0.107545	0.0187829	0.0587939	0.992283	
0.111119	0.0182513	0.0619538	0.991706	
0.113463	0.0177353	0.0633502	0.991362	
0.116181	0.0181561	0.06574	0.990884	
0.118406	0.018882	0.0680493	0.990451	
0.120483	0.0195448	0.0711128	0.989972	
0.120691	0.0202946	0.0717842	0.989883	
0.120447	0.0211659	0.0723069	0.989857	
0.120139	0.0224829	0.0728531	0.989825	
0.119176	0.0238035	0.0729678	0.989902	
0.118842	0.0245334	0.0748699	0.989782	
0.118485	0.0266202	0.0766162	0.989638	
0.117217	0.0289481	0.0769914	0.989694	
0.115815	0.0315401	0.0772905	0.989757	
0.11576	0.0335704	0.0801628	0.989468	
0.11365	0.0341199	0.0797249	0.989729	
0.112482	0.0353281	0.0807858	0.989734	
0.111085	0.0370085	0.0811582	0.9898	
0.11141	0.0386894	0.0844817	0.989421	
0.111254	0.0410299	0.0863913	0.989179	
0.1106	0.0420085	0.0877163	0.989095	
0.110362	0.0418104	0.089855	0.988938	
0.109423	0.0424861	0.0898257	0.989016	
0.110149	0.0419399	0.0930017	0.988665	
0.111427	0.0420387	0.0967914	0.988154	
0.111787	0.0414773	0.0979767	0.98802	
0.110843	0.0413626	0.096702	0.988257	
0.110028	0.040393	0.0956852	0.988487	
0.109481	0.0395083	0.0948955	0.98866	
0.109724	0.0386285	0.0958216	0.988578	
0.110357	0.0380104	0.0970467	0.988412	
0.110845	0.0373947	0.0984234	0.988245	
0.111188	0.0366928	0.0987841	0.988197	
0.112181	0.0365997	0.099911	0.987974	
0.111662	0.0354517	0.0996901	0.988097	
0.111584	0.0354869	0.0999754	0.988076	
0.111887	0.0353253	0.10127	0.987916	
0.111256	0.0345822	0.101329	0.988007	
0.110256	0.0344486	0.100967	0.988161	
0.109253	0.0340176	0.10088	0.988296	
0.108519	0.0338616	0.100663	0.988405	
0.106859	0.0313115	0.0997103	0.988766	
0.106236	0.0285754	0.100681	0.988818	
0.106843	0.0262628	0.103591	0.988516	
0.105193	0.0231956	0.102392	0.988895	
0.102326	0.0196451	0.0990292	0.989614	
0.100416	0.01522	0.0972402	0.990065	
0.0980809	0.0122189	0.093128	0.990736	
0.0967091	0.00910766	0.0898953	0.991203	
0.0941478	0.00744346	0.0830329	0.992062	
0.0937399	0.00508009	0.0794594	0.992408	
0.0930506	0.00304719	0.0748673	0.992838	
0.0929192	0.00121751	0.0712439	0.993121	
0.0941201	-0.000654748	0.0695258	0.99313	
0.0954037	-0.00174222	0.0675983	0.993139	
0.0965958	-0.000979369	0.0644039	0.993237	
0.0983694	-0.00112093	0.0626633	0.993174	
0.100741	-0.00158929	0.0622373	0.992963	
0.103335	-0.00215362	0.0627257	0.992664	
0.105285	-0.00298801	0.0633814	0.992416	
0.107321	-0.00251687	0.0645424	0.992124	
0.11014	-0.00126107	0.0677311	0.991605	
0.110867	-0.000845326	0.0692034	0.991423	
0.111869	-0.000282671	0.0724376	0.991079	
0.111886	-0.00112626	0.0762723	0.990789	
0.111263	-0.000971676	0.0799068	0.990573	
0.108148	0.000107646	0.0805315	0.990868	
0.106546	0.0024486	0.0845657	0.990702	
0.104823	0.00362149	0.0896069	0.990439	
0.102659	0.00322796	0.0950051	0.990164	
0.098633	0.00293593	0.0976862	0.990313	
0.0951999	0.0031771	0.100501	0.990367	
0.0900795	0.00354731	0.099305	0.990965	
0.086953	0.00450048	0.100648	0.991105	
0.0835031	0.00549772	0.0999758	0.991465	
0.0801978	0.0050801	0.0985615	0.991881	
0.0777224	0.0047393	0.097144	0.99222	
0.0755257	0.00490343	0.0947758	0.992617	
0.0733237	0.00419955	0.0909967	0.993139	
0.0721925	0.00440612	0.0873124	0.993552	
0.0707209	0.00388704	0.0816611	0.99414	
0.0701298	0.00225059	0.0768749	0.994569	
0.0704038	0.00012268	0.0730721	0.994839	
0.0709553	-0.00350567	0.069198	0.99507	
0.0705223	-0.00642062	0.062748	0.995514	
0.0713966	-0.0102231	0.0582666	0.995692	
0.0716954	-0.0131603	0.0527412	0.995944	
0.0722855	-0.0184704	0.0483968	0.996038	
0.0726628	-0.0264774	0.0446795	0.996003	
0.0719032	-0.0346821	0.0392142	0.996037	
0.0706484	-0.0424048	0.0331862	0.996047	
0.0703382	-0.0489032	0.0290229	0.995901	
0.0686434	-0.0538776	0.02345	0.995909	
0.0670517	-0.0586102	0.0186386	0.995852	
0.0620106	-0.0608469	0.00948781	0.996174	
0.0606628	-0.0605475	0.00508064	0.996307	
0.0596499	-0.0585085	0.00145646	0.996502	
0.0594397	-0.0548843	-0.000816278	0.996722	
0.0597113	-0.0509745	-0.00163272	0.996912	
0.0602215	-0.0478732	-0.00110182	0.997036	
0.0610392	-0.0462279	0.000878039	0.997064	
0.0632549	-0.0436349	0.00509814	0.99703	
0.0661175	-0.0395759	0.0098318	0.996978	
0.0688718	-0.0353797	0.0139445	0.9969	
0.0735103	-0.0285234	0.0204044	0.996678	
0.0799052	-0.0220927	0.0299299	0.996108	
0.0858531	-0.0157228	0.0387764	0.995429	
0.0913481	-0.00990413	0.0471632	0.994652	
0.094072	-0.00432094	0.051197	0.994239	
0.0975145	-2.08519e-005	0.0575775	0.993567	
0.10106	0.00921903	0.0644159	0.99275	
0.103562	0.0166347	0.0694858	0.992053	
0.104058	0.0227093	0.0729548	0.991632	
0.103344	0.0270686	0.0741008	0.991512	
0.101069	0.0302068	0.0727422	0.991757	
0.0970538	0.0317803	0.0691232	0.992367	
0.0917522	0.0300512	0.063381	0.993308	
0.0860144	0.0284972	0.0564932	0.994283	
0.0805648	0.0263146	0.0493587	0.995179	
0.075096	0.0227301	0.0417454	0.996043	
0.0708385	0.0181718	0.0352657	0.996699	
0.0663263	0.0121462	0.0273432	0.997349	
0.0632379	0.00376584	0.0202108	0.997787	
0.0619365	-0.00485586	0.0132553	0.99798	
0.0642445	-0.00840189	0.0089789	0.997858	
0.0668495	-0.0120739	0.00413206	0.997681	
0.0710561	-0.0171446	0.00124205	0.997324	
0.0764707	-0.0221851	0.000383243	0.996825	
0.0812668	-0.0292184	1.55617e-005	0.996264	
0.0861675	-0.0354591	0.00110356	0.995649	
0.0905359	-0.0389976	0.00241588	0.995126	
0.0960719	-0.0381414	0.00568509	0.994627	
0.102899	-0.0342904	0.0111487	0.994038	
0.109397	-0.0298689	0.0169617	0.993404	
0.116209	-0.0232817	0.024183	0.992657	
0.121821	-0.0156733	0.0308338	0.991949	
0.128872	-0.00824483	0.0417858	0.990746	
0.132215	0.000279346	0.0479009	0.990063	
0.133704	0.00523642	0.0529992	0.989589	
0.137096	0.0195553	0.0614493	0.988456	
0.139319	0.0319251	0.069404	0.987296	
0.140264	0.0421413	0.0762641	0.986273	
0.139631	0.0508057	0.0815712	0.985529	
0.137538	0.0579618	0.0849383	0.985144	
0.133307	0.0634025	0.0864168	0.985262	
0.127721	0.0671173	0.0852912	0.985854	
0.119799	0.0670124	0.0802857	0.987275	
0.109597	0.0669153	0.0703381	0.989224	
0.0994946	0.0647564	0.0602745	0.991098	
0.0903634	0.0624005	0.050729	0.992657	
0.0817376	0.0583342	0.0404193	0.994124	
0.0744456	0.0520048	0.0315188	0.995369	
0.0683977	0.044537	0.0228423	0.996402	
0.0638521	0.0358543	0.0143384	0.997212	
0.0611948	0.0260057	0.00565321	0.997771	
0.0601461	0.015509	-0.00302323	0.998065	
0.0612839	0.00602927	-0.0103756	0.998048	
0.0649739	-0.00332732	-0.015308	0.997764	
0.0695688	-0.0130802	-0.0196966	0.997297	
0.0739415	-0.0254324	-0.0236782	0.996657	
0.0765871	-0.0385606	-0.0284209	0.995912	
0.079911	-0.0493267	-0.0300743	0.995126	
0.083478	-0.0551695	-0.0307901	0.994505	
0.0854358	-0.056474	-0.0337935	0.994168	
0.0894733	-0.0526558	-0.0340999	0.994012	
0.091322	-0.0472599	-0.0349852	0.994084	
0.0949063	-0.0407418	-0.0307649	0.994176	
0.0984154	-0.0350228	-0.0240064	0.994239	
0.101184	-0.0285999	-0.0167986	0.994315	
0.104555	-0.0224113	-0.00765964	0.994237	
0.107437	-0.0154587	0.000430433	0.994092	
0.110706	-0.00766269	0.00878095	0.993785	
0.114245	0.000172253	0.0176021	0.993297	
0.116634	0.00831403	0.0245315	0.992837	
0.118724	0.0161741	0.0320358	0.992279	
0.12086	0.0274924	0.0402	0.991474	
0.119836	0.0335452	0.0451101	0.991201	
0.117938	0.038808	0.0495062	0.991027	
0.115948	0.0480024	0.0546652	0.990587	
0.112814	0.0554053	0.0582288	0.99036	
0.10848	0.0611317	0.0602917	0.990384	
0.102329	0.0626382	0.0592894	0.991005	
0.0955457	0.0635326	0.0563532	0.991796	
0.0907496	0.0637202	0.0561221	0.992247	
0.0852304	0.0636625	0.0524261	0.992942	
0.0813013	0.0641737	0.0494379	0.993392	
0.0782253	0.0636203	0.0463067	0.993825	
0.0759368	0.0615966	0.0429795	0.99428	
0.0751343	0.0584752	0.0404722	0.994634	
0.0749951	0.0549311	0.0374865	0.994964	
0.0771816	0.0508924	0.0369089	0.995033	
0.0797136	0.0468179	0.0355762	0.995082	
0.0823389	0.0420444	0.0333383	0.995159	
0.0853191	0.0370003	0.0309839	0.995184	
0.0891599	0.0318304	0.0298754	0.99506	
0.0918963	0.0270779	0.0274311	0.995022	
0.0953188	0.0203023	0.0277387	0.994853	
0.0967142	0.0154992	0.0260163	0.994851	
0.0975075	0.0121455	0.0245929	0.994857	
0.0974004	0.0126307	0.022273	0.994916	
0.097727	0.0151944	0.0216291	0.994862	
0.0980044	0.0180837	0.021963	0.994779	
0.0977704	0.020811	0.0227973	0.99473	
0.0976155	0.0227013	0.0249068	0.994653	
0.096399	0.0242474	0.0260544	0.994706	
0.0948235	0.0253066	0.0270744	0.994804	
0.09508	0.02623	0.030581	0.994654	
0.0942654	0.0270515	0.0321048	0.994662	
0.0944495	0.0269276	0.0354331	0.994534	
0.0957166	0.0269109	0.040286	0.994229	
0.0970225	0.0273327	0.0450239	0.993888	
0.0974421	0.029644	0.0473545	0.993672	
0.0995208	0.0320248	0.0526078	0.993128	
0.100646	0.033003	0.056608	0.992762	
0.101559	0.0334107	0.0608456	0.992405	
0.10261	0.0339028	0.0653755	0.991992	
0.102397	0.0342984	0.0675183	0.991857	
0.101673	0.0348853	0.0690633	0.991804	
0.101346	0.0345868	0.0714723	0.991678	
0.0999	0.0346918	0.0717097	0.991804	
0.099355	0.0349713	0.0733094	0.991731	
0.0990737	0.0355176	0.0749604	0.991617	
0.0989196	0.034655	0.0768013	0.991522	
0.0980813	0.0335835	0.0770631	0.991622	
0.0971804	0.0328149	0.0767638	0.991759	
0.0978867	0.0314466	0.0791031	0.99155	
0.0971656	0.0305649	0.0781769	0.991722	
0.0965428	0.0304385	0.0768763	0.991889	
0.0954249	0.0286356	0.0753634	0.992167	
0.0937184	0.0272347	0.0730359	0.992543	
0.0930625	0.0252735	0.0725388	0.992693	
0.092809	0.0234687	0.0731422	0.992716	
0.0927873	0.0220707	0.0742065	0.992672	
0.0922819	0.0212539	0.0743093	0.992729	
0.092541	0.0219598	0.0756676	0.992587	
0.0911619	0.0221754	0.0747632	0.992778	
0.090395	0.0225229	0.0752783	0.992801	
0.0898282	0.022181	0.0767815	0.992745	
0.0891889	0.0217159	0.0783624	0.99269	
0.08714	0.0203727	0.0779695	0.992931	
0.0864921	0.020759	0.0792539	0.992878	
0.085409	0.0217632	0.0796715	0.992917	
0.0846107	0.0220179	0.080399	0.992921	
0.0850569	0.0218039	0.083835	0.992603	
0.0835073	0.0210432	0.0840542	0.992733	
0.0817156	0.0199345	0.0839469	0.992914	
0.0817287	0.0193217	0.0866574	0.992692	
0.0808559	0.0160994	0.0887845	0.992633	
0.0787744	0.0149904	0.0876261	0.992921	
0.0767299	0.0148609	0.0859865	0.993226	
0.0749145	0.0141568	0.0852552	0.993438	
0.0741566	0.0140381	0.0861252	0.993421	
0.0719606	0.0134654	0.0842325	0.993753	
0.0714976	0.0131035	0.0851833	0.99371	
0.0704655	0.0133367	0.0847429	0.993819	
0.068505	0.01231	0.0827831	0.994134	
0.0677363	0.0117368	0.0824962	0.994217	
0.0669111	0.0115902	0.0818435	0.994329	
0.0660358	0.0121525	0.0807111	0.994473	
0.0664127	0.0127108	0.0814387	0.994382	
0.0664807	0.0126853	0.0820822	0.994325	
0.0658888	0.0122255	0.0815425	0.994414	
0.0657152	0.0128946	0.0811676	0.994448	
0.0659481	0.0134337	0.0812601	0.994418	
0.0647904	0.0121256	0.0794844	0.994654	
0.0644105	0.0123675	0.0785789	0.994748	
0.0640326	0.0128131	0.0774206	0.994858	
0.0642059	0.0133406	0.077201	0.994857	
0.0636849	0.0131426	0.076151	0.994974	
0.0635215	0.0130623	0.0755436	0.995031	
0.0632738	0.0149366	0.0742095	0.995121	
0.0620904	0.0157254	0.0713651	0.995392	
0.0613366	0.016755	0.0696454	0.995543	
0.0605044	0.0173604	0.0680439	0.995695	
0.0610282	0.016682	0.0690844	0.995603	
0.0594788	0.0166655	0.0662272	0.995891	
0.058013	0.0175849	0.0632638	0.996154	
0.0578156	0.0184353	0.0625161	0.996197	
0.0577367	0.0187703	0.0622236	0.996214	
0.0570977	0.0194418	0.0609763	0.996315	
0.0568984	0.0200635	0.0607671	0.996327	
0.0564263	0.0211022	0.0602145	0.996366	
0.055965	0.0211277	0.0597195	0.996421	
0.0569582	0.0213364	0.0618977	0.996227	
0.0564464	0.021506	0.0612405	0.996294	
0.0559709	0.021418	0.0609332	0.996341	
0.0561524	0.019867	0.0622264	0.996283	
0.0552931	0.0203087	0.0606675	0.996418	
0.0553814	0.020873	0.0608389	0.996391	
0.0548365	0.0219768	0.0597367	0.996464	
0.054119	0.0223236	0.058606	0.996563	
0.0535986	0.0212074	0.0583528	0.996631	
0.0526232	0.0213452	0.0568409	0.996767	
0.050618	0.0210316	0.0537184	0.997051	
0.0500767	0.0195029	0.0534663	0.997123	
0.0492727	0.0190232	0.0525805	0.997219	
0.0491639	0.0186305	0.052961	0.997212	
0.0498626	0.0191835	0.0542491	0.997097	
0.049081	0.0196702	0.0531089	0.997188	
0.0478984	0.0192565	0.0515146	0.997337	
0.0464642	0.0185687	0.0493307	0.997528	
0.0453624	0.0172728	0.0479122	0.997671	
0.0454495	0.0175484	0.0482703	0.997645	
0.047591	0.0151371	0.0529127	0.99735	
0.0471687	0.0149475	0.0521229	0.997414	
0.0472568	0.0135142	0.0530286	0.997383	
0.047199	0.0120559	0.0534095	0.997384	
0.0466105	0.0124997	0.0525687	0.997451	
0.0461812	0.0121763	0.052193	0.997494	
0.0457722	0.0112931	0.0517326	0.997548	
0.0447322	0.011202	0.0501805	0.997675	
0.0439575	0.0113734	0.0490227	0.997765	
0.0435663	0.012203	0.0482642	0.997809	
0.0429669	0.010985	0.0473666	0.997893	
0.0420606	0.00984018	0.0458842	0.998012	
0.0425089	0.00937547	0.046386	0.997975	
0.0430376	0.010768	0.0462691	0.997943	
0.043005	0.0113384	0.0453659	0.99798	
0.0439831	0.0119567	0.0461224	0.997895	
0.0451862	0.0123898	0.0474984	0.997772	
0.0446913	0.0123224	0.0462096	0.997855	
0.0450303	0.0133258	0.0460834	0.997833	
0.0460619	0.0128723	0.0478339	0.99771	
0.0456268	0.0125447	0.0472414	0.997762	
0.0454092	0.0117747	0.0469092	0.997797	
0.0448509	0.011535	0.0460398	0.997866	
0.0457585	0.0105243	0.0475098	0.997767	
0.0468588	0.0102554	0.0489678	0.997648	
0.0453997	0.00989559	0.0450558	0.997903	
0.0457372	0.00815224	0.0449508	0.997908	
0.0465017	0.00715207	0.0453119	0.997864	
0.0466641	0.00528774	0.0446309	0.997899	
0.0470457	0.00285819	0.0442625	0.997907	
0.0474315	0.00215092	0.0436847	0.997916	
0.0477426	0.00185127	0.0426237	0.997948	
0.0478337	-0.000778974	0.0418155	0.997979	
0.0482163	-0.00174602	0.0408821	0.997998	
0.0487621	-0.0014163	0.0399085	0.998012	
0.0481562	-0.00192025	0.0375095	0.998133	
0.0481754	-0.00271176	0.0362452	0.998177	
0.0494676	-0.00306419	0.0368738	0.99809	
0.0497826	-0.00509804	0.036465	0.998081	
0.0498055	-0.00575206	0.0353765	0.998116	
0.0488744	-0.00628071	0.0328282	0.998246	
0.0481382	-0.00696111	0.030294	0.998357	
0.04773	-0.00714007	0.0285262	0.998427	
0.0460958	-0.00925556	0.0251059	0.998579	
0.0453324	-0.00873573	0.0227529	0.998675	
0.0443101	-0.00939953	0.019811	0.998777	
0.0429003	-0.0100947	0.0166028	0.99889	
0.0405492	-0.0111385	0.0121303	0.999042	
