



0.091717	0.0844097	-0.157611	0.979603	
0.0904368	0.0993454	-0.137574	0.981338	
0.0948486	0.108001	-0.106809	0.983835	
0.0928599	0.114237	-0.0944846	0.984581	
0.0910477	0.119939	-0.0836671	0.985051	
0.0829669	0.11091	-0.107028	0.984561	
0.0810975	0.109318	-0.110474	0.984514	
0.0817704	0.101063	-0.127982	0.983219	
0.0754842	0.108253	-0.156969	0.978746	
0.0700268	0.104229	-0.176091	0.976332	
0.0667876	0.109497	-0.182037	0.974891	
0.0694065	0.120146	-0.17302	0.975096	
0.0736894	0.1287	-0.168283	0.974519	
0.0817858	0.133791	-0.157469	0.974995	
0.0875273	0.136131	-0.154836	0.974594	
0.0911137	0.135179	-0.157623	0.973951	
0.0997307	0.1349	-0.142646	0.975453	
0.106859	0.136696	-0.136749	0.975292	
0.112551	0.14043	-0.13467	0.97441	
0.11596	0.144299	-0.136848	0.973141	
0.116469	0.148675	-0.139584	0.972032	
0.0867271	0.168784	-0.17119	0.966791	
0.0564669	0.18186	-0.180702	0.964927	
0.0214654	0.192558	-0.188675	0.962737	
0.00233039	0.193891	-0.1852	0.96338	
0.0123059	0.188029	-0.167404	0.967714	
0.0404132	0.183261	-0.145448	0.971405	
0.0675686	0.18003	-0.129072	0.972812	
0.0848887	0.17568	-0.120452	0.973356	
0.097117	0.173207	-0.0978203	0.975192	
0.102605	0.170083	-0.0857019	0.976319	
0.10373	0.166626	-0.0875903	0.976629	
0.10528	0.165181	-0.0899735	0.976492	
0.106329	0.165297	-0.0916509	0.976202	
0.107428	0.167122	-0.0907712	0.975853	
0.108357	0.168436	-0.0890189	0.975686	
0.109159	0.170166	-0.0876998	0.975416	
0.109807	0.173443	-0.0875239	0.974782	
0.110627	0.175872	-0.0868493	0.974314	
0.112697	0.179537	-0.0817619	0.973849	
0.113808	0.182633	-0.0784228	0.973418	
0.113705	0.184388	-0.0783181	0.973108	
0.111897	0.187536	-0.0822264	0.972393	
0.108562	0.192545	-0.087363	0.971344	
0.103523	0.198731	-0.092192	0.970201	
0.0977296	0.205464	-0.0947446	0.969153	
0.0908082	0.214006	-0.0969169	0.967762	
0.0801714	0.22514	-0.105849	0.965236	
0.063675	0.235767	-0.123917	0.961771	
0.0425936	0.248774	-0.142357	0.957096	
0.0208889	0.261111	-0.15165	0.953093	
-0.0045708	0.273086	-0.163275	0.948021	
-0.025363	0.280832	-0.155251	0.946777	
-0.0432253	0.288805	-0.147125	0.945028	
-0.0567714	0.296074	-0.140308	0.943096	
-0.0654498	0.300385	-0.130089	0.942636	
-0.0723309	0.303295	-0.123217	0.942124	
-0.0765756	0.305207	-0.11554	0.942144	
-0.0796828	0.303542	-0.106535	0.943485	
-0.0847251	0.303266	-0.0983892	0.944018	
-0.0899949	0.303725	-0.0894636	0.944271	
-0.0948995	0.304436	-0.075412	0.944789	
-0.0993691	0.303732	-0.0573436	0.945825	
-0.103452	0.302678	-0.0387917	0.946667	
-0.10623	0.301699	-0.0185413	0.947285	
-0.108063	0.30039	0.000719989	0.947675	
-0.109618	0.29984	0.0161041	0.947534	
-0.109418	0.299462	0.0310561	0.947305	
-0.106904	0.301934	0.0450213	0.946245	
-0.104204	0.30579	0.053769	0.944851	
-0.101188	0.308348	0.0611972	0.943895	
-0.0983405	0.311773	0.0656285	0.942772	
-0.0952614	0.314812	0.0686931	0.94186	
-0.0921241	0.31765	0.0692842	0.941175	
-0.08922	0.32042	0.0661091	0.940745	
-0.0861612	0.323509	0.0607848	0.940331	
-0.0829307	0.32624	0.0551416	0.940026	
-0.080104	0.328948	0.0484905	0.939694	
-0.0776489	0.332039	0.0408148	0.939178	
-0.0759062	0.334242	0.031288	0.938904	
-0.0742381	0.336802	0.0229885	0.938363	
-0.0734056	0.339738	0.0119451	0.937575	
-0.072389	0.341718	0.00377308	0.937003	
-0.0721936	0.343256	-0.00566996	0.936446	
-0.0717698	0.345173	-0.0125263	0.935707	
-0.0722708	0.34726	-0.0222553	0.934715	
-0.0727249	0.348799	-0.0311194	0.933853	
-0.0733161	0.349876	-0.039482	0.933088	
-0.0738696	0.350228	-0.0472457	0.932551	
-0.0746691	0.351921	-0.0540944	0.931477	
-0.0759577	0.352281	-0.0608691	0.930819	
-0.0779676	0.351924	-0.0662427	0.930421	
-0.0788843	0.354428	-0.059779	0.92983	
-0.0812828	0.356197	-0.0558413	0.929192	
-0.0839119	0.356711	-0.0502296	0.929082	
-0.0861439	0.358066	-0.04216	0.928758	
-0.0881502	0.359475	-0.0346063	0.928337	
-0.0895763	0.361454	-0.0273565	0.927674	
-0.0909479	0.364234	-0.0224676	0.926584	
-0.091102	0.36676	-0.0139763	0.925739	
-0.0905307	0.368549	-0.00532628	0.925174	
-0.0898071	0.370154	0.00110808	0.924619	
-0.0882541	0.370541	0.00703765	0.924587	
-0.0858571	0.371245	0.0108934	0.924493	
-0.0828573	0.37185	0.0130621	0.924495	
-0.0795558	0.372058	0.0143009	0.924683	
-0.0760856	0.371865	0.0157746	0.925029	
-0.0723009	0.370992	0.0184155	0.925634	
-0.0689984	0.370983	0.0184856	0.925888	
-0.0663594	0.371375	0.0170269	0.925952	
-0.0641353	0.371658	0.0150018	0.92603	
-0.0623961	0.371608	0.0145291	0.926177	
-0.061263	0.372902	0.0136198	0.925746	
-0.0606724	0.372369	0.0132353	0.926005	
-0.0607477	0.370419	0.0135651	0.926777	
-0.0607009	0.369245	0.0136025	0.927248	
-0.0610518	0.368126	0.013432	0.927672	
-0.0617192	0.367248	0.0130692	0.927981	
-0.0621298	0.366338	0.0124191	0.928322	
-0.0626917	0.365142	0.0115104	0.928767	
-0.0634362	0.363823	0.0106856	0.929244	
-0.0637915	0.361962	0.0100666	0.929953	
-0.0638437	0.359538	0.00959855	0.930895	
-0.0638996	0.356602	0.00922479	0.932023	
-0.0638332	0.353265	0.00890236	0.933301	
-0.0626696	0.349649	0.0108967	0.934719	
-0.0607269	0.346455	0.0132835	0.936005	
-0.0588103	0.343579	0.0122885	0.9372	
-0.0561693	0.340786	0.013313	0.938367	
-0.0544738	0.336899	0.00976469	0.939913	
-0.0525476	0.332838	0.00916336	0.941474	
-0.0516339	0.330243	0.00626628	0.942462	
-0.0507204	0.326953	0.00621783	0.943658	
-0.050429	0.324902	0.00526037	0.944388	
-0.0494755	0.322946	0.00661305	0.9451	
-0.0483479	0.319815	0.00749271	0.946216	
-0.0470523	0.317644	0.00807621	0.947008	
-0.0455805	0.315974	0.00851385	0.947634	
-0.0445246	0.31562	0.00808864	0.947806	
-0.0438727	0.313789	0.00809587	0.948444	
-0.0435509	0.312826	0.0073984	0.948783	
-0.0430573	0.312219	0.00784668	0.949001	
-0.0426574	0.310987	0.00784728	0.949424	
-0.0426063	0.311367	0.00669605	0.949311	
-0.042304	0.310672	0.00619833	0.949555	
-0.0419076	0.309718	0.00623209	0.949884	
-0.04148	0.309416	0.00568046	0.950005	
-0.0410252	0.307665	0.00678403	0.950586	
-0.0408779	0.306168	0.00483791	0.951087	
-0.0402541	0.305375	0.00418254	0.951372	
-0.0399629	0.303644	0.00144167	0.951946	
-0.0400508	0.302785	-0.00181507	0.952215	
-0.0398182	0.30225	-0.00270883	0.952393	
-0.0395499	0.300692	-0.00236488	0.952898	
-0.0392949	0.29909	-0.00169107	0.953414	
-0.0383067	0.297724	0.00141819	0.953882	
-0.037563	0.296113	0.00149869	0.954413	
-0.0364523	0.295328	0.00098069	0.9547	
-0.0359763	0.294933	-0.00130125	0.954839	
-0.0357378	0.294871	-0.00324691	0.954863	
-0.0359098	0.294265	-0.00434138	0.955039	
-0.0358858	0.294093	-0.00290166	0.955099	
-0.0364288	0.294056	-0.00301568	0.955089	
-0.0369614	0.292878	-0.00313724	0.95543	
-0.0363441	0.29309	0.000358411	0.955394	
-0.0361936	0.294057	0.00136855	0.955101	
-0.0362707	0.293953	0.00211401	0.955129	
-0.0363476	0.293817	0.00260392	0.955167	
-0.0359946	0.294277	0.00321443	0.955037	
-0.03539	0.293909	0.00394394	0.95517	
-0.0348927	0.294349	0.00382287	0.955053	
-0.0341313	0.294174	0.00531281	0.955127	
-0.0339859	0.294861	0.00440366	0.954925	
-0.033133	0.294392	0.00536311	0.955095	
-0.0323112	0.294561	0.00491951	0.955074	
-0.0315044	0.294331	0.00328412	0.955178	
-0.0305713	0.295027	0.00261907	0.954996	
-0.0302256	0.29505	0.0012196	0.955003	
-0.0297122	0.295913	0.000595418	0.954752	
-0.0296401	0.295831	-0.0015012	0.954779	
-0.0291747	0.297076	-0.00117442	0.954407	
-0.0296205	0.296868	-0.00346627	0.954453	
-0.029342	0.297624	-0.00258119	0.954229	
-0.0295871	0.297812	-0.00364911	0.954159	
-0.0295169	0.296971	-0.00340307	0.954424	
-0.0297534	0.296741	-0.00476515	0.954482	
-0.0302325	0.297289	-0.00685484	0.954284	
-0.0303278	0.296311	-0.00640513	0.954588	
-0.0302537	0.296006	-0.00435186	0.954697	
-0.0302264	0.295014	-0.00176145	0.955013	
-0.0304947	0.294403	0.000185707	0.955195	
-0.0305485	0.293563	0.00173076	0.95545	
-0.0307506	0.291176	0.0014897	0.956174	
-0.030225	0.291363	0.00251462	0.956132	
-0.0295891	0.289275	0.00410706	0.95678	
-0.0293072	0.287462	0.00353404	0.957337	
-0.0289221	0.284372	0.00439743	0.958268	
-0.0283747	0.282112	0.00625416	0.958941	
-0.0283429	0.279814	0.00811318	0.959601	
-0.0283883	0.27909	0.00992565	0.959794	
-0.0284654	0.277827	0.0130411	0.960121	
-0.028773	0.276531	0.0169381	0.960425	
-0.0294365	0.276161	0.0205909	0.96044	
-0.0302165	0.276011	0.0240552	0.960378	
-0.0306935	0.276155	0.0287081	0.960194	
-0.0310546	0.275775	0.033261	0.960144	
-0.0317592	0.275384	0.0364216	0.960119	
-0.0316214	0.276017	0.0417757	0.959724	
-0.0320645	0.275787	0.0449547	0.959631	
-0.0321516	0.276659	0.0477039	0.959245	
-0.0333341	0.276178	0.0465707	0.959399	
-0.0338653	0.275298	0.0451025	0.959703	
-0.0345465	0.273421	0.0436163	0.960284	
-0.0339179	0.270708	0.0468638	0.960922	
-0.033693	0.267979	0.0452537	0.961771	
-0.0323884	0.264915	0.0437495	0.962734	
-0.0316066	0.262151	0.0409677	0.963639	
-0.0299182	0.258652	0.0398896	0.964683	
-0.0282602	0.255447	0.0384445	0.965645	
-0.028	0.253044	0.0335766	0.966466	
-0.0283103	0.251739	0.0277815	0.966982	
-0.0289088	0.249584	0.022899	0.967651	
-0.029328	0.247201	0.0193748	0.968327	
-0.0300421	0.246364	0.0156286	0.968586	
-0.0313445	0.246217	0.0115885	0.968638	
-0.0330832	0.248601	0.00875001	0.968001	
-0.0391976	0.253093	0.00517534	0.966634	
-0.0488266	0.266023	0.00224634	0.962727	
-0.0583146	0.282704	0.0015069	0.957432	
-0.0659161	0.298961	-0.00539076	0.951971	
-0.0696532	0.310658	-0.0068603	0.947941	
-0.0717634	0.318636	-0.00612283	0.945137	
-0.0739375	0.320684	-0.00506163	0.944282	
-0.076274	0.321635	-0.00411893	0.943778	
-0.0790703	0.322397	-0.0061797	0.943276	
-0.0811587	0.322593	-0.00790155	0.943019	
-0.0827425	0.322713	-0.0110769	0.942808	




0.0797714	-0.0173856	-0.281818	0.955988	
0.0801258	-0.0174563	-0.281581	0.956027	
0.0797277	-0.0170132	-0.282151	0.9559	
0.078872	-0.015446	-0.28271	0.955832	
0.0782688	-0.013257	-0.281975	0.956132	
0.077009	-0.0104149	-0.281523	0.956403	
0.0753251	-0.00752785	-0.281371	0.956609	
0.0715399	-0.00475972	-0.284439	0.956009	
0.0681508	0.000101273	-0.287742	0.95528	
0.0640256	0.00487119	-0.294109	0.953612	
0.0579663	0.00949953	-0.305183	0.950481	
0.053941	0.0172926	-0.313883	0.94777	
0.0526155	0.0150186	-0.322162	0.945102	
0.0480581	0.028081	-0.327903	0.94307	
0.0440546	0.0320855	-0.331196	0.941987	
0.0381043	0.0430084	-0.32778	0.943005	
0.0309903	0.0583786	-0.316325	0.946345	
0.0254042	0.074997	-0.298635	0.951077	
0.0231537	0.091539	-0.276783	0.956282	
0.0193668	0.109579	-0.259263	0.959375	
0.0182291	0.129064	-0.232824	0.963744	
0.0111038	0.151911	-0.205814	0.966665	
0.00346228	0.17218	-0.182637	0.96798	
0.000463911	0.185436	-0.165834	0.968562	
0.00322328	0.191161	-0.156611	0.968979	
0.008964	0.1928	-0.154828	0.968905	
0.0112217	0.198413	-0.161261	0.966696	
0.0144747	0.209032	-0.159053	0.964779	
0.0174678	0.216499	-0.15605	0.963572	
0.0190578	0.220261	-0.160936	0.961884	
0.0260208	0.221955	-0.158796	0.961688	
0.0347392	0.219727	-0.162607	0.961287	
0.0367511	0.21939	-0.17986	0.958211	
0.0255054	0.225667	-0.201199	0.95286	
-0.00587514	0.242816	-0.224763	0.943656	
-0.0490494	0.269369	-0.221729	0.93588	
-0.0767316	0.28778	-0.193073	0.934889	
-0.0701496	0.285899	-0.149735	0.943886	
-0.0385554	0.273595	-0.106356	0.955169	
-0.00410102	0.259151	-0.0686228	0.963387	
0.0197957	0.238268	-0.0468332	0.969867	
0.0305876	0.216936	-0.0400247	0.974885	
0.0352563	0.208918	-0.0265445	0.976937	
0.0300066	0.206845	-0.0236609	0.977627	
0.021163	0.212053	-0.026414	0.976672	
0.012581	0.221415	-0.0315249	0.974589	
0.00486417	0.232265	-0.0389124	0.971862	
-0.00397761	0.24352	-0.0463843	0.968778	
-0.0131999	0.254863	-0.0523474	0.965469	
-0.0216886	0.265746	-0.0564556	0.962144	
-0.0316312	0.281112	-0.0639112	0.957022	
-0.0414838	0.293677	-0.065309	0.952768	
-0.0557692	0.30977	-0.0794414	0.945844	
-0.0696849	0.322294	-0.0823581	0.940472	
-0.0847752	0.335406	-0.0848138	0.93441	
-0.09908	0.348266	-0.0848067	0.928279	
-0.110515	0.359869	-0.0825764	0.922747	
-0.119482	0.369351	-0.0792085	0.918166	
-0.126244	0.376557	-0.0742679	0.914741	
-0.132292	0.381005	-0.0701512	0.912366	
-0.138254	0.381803	-0.0661159	0.91145	
-0.142352	0.379998	-0.0597206	0.912015	
-0.143901	0.376593	-0.0504143	0.913744	
-0.144155	0.373138	-0.0370218	0.91576	
-0.143311	0.371276	-0.0222732	0.917126	
-0.141638	0.365175	-0.00282596	0.920097	
-0.138507	0.361742	0.0168218	0.921778	
-0.134557	0.351665	0.0489822	0.925109	
-0.129865	0.340004	0.0872107	0.927322	
-0.12523	0.329519	0.120421	0.928027	
-0.119876	0.319864	0.151191	0.927609	
-0.113714	0.311608	0.180048	0.926041	
-0.111274	0.3011	0.194465	0.926898	
-0.108837	0.291009	0.206097	0.927897	
-0.106261	0.281713	0.214849	0.929078	
-0.103589	0.274524	0.221061	0.930074	
-0.0990949	0.273029	0.231407	0.928486	
-0.0993422	0.270618	0.232614	0.928864	
-0.0992742	0.271706	0.236246	0.927636	
-0.101203	0.275407	0.235257	0.926587	
-0.1047	0.28001	0.230783	0.925944	
-0.109257	0.284013	0.224884	0.925649	
-0.11436	0.286961	0.219206	0.925486	
-0.120479	0.287924	0.212613	0.925948	
-0.126909	0.289677	0.202827	0.926737	
-0.133028	0.291681	0.192768	0.927397	
-0.139041	0.295436	0.180786	0.92774	
-0.143652	0.298241	0.171474	0.927908	
-0.147025	0.300149	0.163079	0.928278	
-0.149339	0.303672	0.153403	0.928412	
-0.151099	0.307247	0.142943	0.92862	
-0.153191	0.312173	0.130835	0.92842	
-0.155319	0.316461	0.121531	0.927879	
-0.158014	0.322317	0.112008	0.926605	
-0.161682	0.324355	0.106805	0.925876	
-0.169338	0.326678	0.0926854	0.925211	
-0.17684	0.330963	0.0793435	0.923523	
-0.183506	0.334562	0.0679549	0.921833	
-0.189637	0.339336	0.057887	0.919531	
-0.194674	0.341696	0.0550799	0.917776	
-0.199241	0.343908	0.0547754	0.915986	
-0.204089	0.34562	0.0557554	0.914213	
-0.20947	0.346486	0.0569486	0.912594	
-0.215551	0.345963	0.0580363	0.911306	
-0.22173	0.344588	0.0594047	0.910256	
-0.227526	0.342455	0.0612991	0.909505	
-0.232335	0.339174	0.0636501	0.909357	
-0.234236	0.338103	0.0729918	0.908566	
-0.235093	0.335829	0.0839493	0.908242	
-0.235363	0.334279	0.0936698	0.907793	
-0.234019	0.333654	0.104085	0.907236	
-0.232297	0.33265	0.111247	0.907197	
-0.228809	0.329401	0.120085	0.908141	
-0.224259	0.324877	0.126958	0.90997	
-0.218967	0.320656	0.129135	0.912446	
-0.213098	0.316959	0.127431	0.915362	
-0.208094	0.31467	0.120446	0.918244	
-0.204255	0.312744	0.11188	0.920844	
-0.201062	0.308685	0.107203	0.923469	
-0.200959	0.308	0.0971354	0.924833	
-0.201556	0.307706	0.0896916	0.925553	
-0.204483	0.308082	0.0767557	0.925948	
-0.208328	0.308499	0.0667122	0.92573	
-0.213172	0.308341	0.0596157	0.925164	
-0.218514	0.308948	0.0535293	0.924087	
-0.223185	0.307009	0.0521707	0.923695	
-0.226569	0.305181	0.0529579	0.923432	
-0.232093	0.306053	0.0440047	0.922241	
-0.233848	0.308183	0.0357097	0.921446	
-0.233123	0.304567	0.0353818	0.922844	
-0.231718	0.301721	0.0325484	0.924236	
-0.229327	0.300824	0.029095	0.925239	
-0.226391	0.300863	0.0241688	0.926091	
-0.222161	0.299696	0.0209395	0.927571	
-0.217971	0.300458	0.0158386	0.928419	
-0.21414	0.30316	0.00952879	0.928519	
-0.209987	0.306075	0.00447422	0.928549	
-0.204711	0.300302	0.000433623	0.931618	
-0.203388	0.306011	-0.00862215	0.930009	
-0.202375	0.311528	-0.017072	0.92828	
-0.198903	0.306976	-0.0211446	0.93046	
-0.195603	0.304187	-0.0239233	0.932007	
-0.196408	0.314152	-0.0332953	0.928237	
-0.197479	0.324911	-0.0400081	0.924032	
-0.199011	0.336162	-0.0445508	0.919459	
-0.201144	0.34749	-0.0476352	0.914616	
-0.202364	0.354328	-0.0488879	0.911652	
-0.203559	0.359613	-0.0512297	0.909185	
-0.20403	0.363155	-0.0537568	0.907524	
-0.204488	0.3662	-0.0591454	0.905861	
-0.205798	0.369666	-0.0683143	0.903508	
-0.207492	0.370737	-0.076342	0.902038	
-0.210447	0.371162	-0.088201	0.900095	
-0.214747	0.369942	-0.101407	0.898189	
-0.221149	0.367695	-0.11047	0.896488	
-0.230932	0.360122	-0.100142	0.898306	
-0.242774	0.351494	-0.0785782	0.900743	
-0.254474	0.362756	-0.0810532	0.892794	
-0.265801	0.370875	-0.0832485	0.88593	
-0.276667	0.37627	-0.084618	0.88018	
-0.285943	0.378791	-0.0851062	0.876077	
-0.293187	0.377963	-0.0848405	0.874064	
-0.297446	0.37321	-0.0844111	0.874708	
-0.299401	0.365415	-0.0841763	0.877351	
-0.299038	0.354639	-0.0848307	0.881823	
-0.296266	0.342333	-0.0864087	0.88745	
-0.287012	0.324249	-0.0664902	0.898925	
-0.276103	0.306777	-0.0547752	0.909205	
-0.265448	0.2918	-0.0601873	0.916934	
-0.253925	0.276517	-0.0671229	0.924421	
-0.242094	0.262217	-0.0758676	0.931062	
-0.230925	0.249316	-0.0863221	0.936517	
-0.221921	0.239397	-0.0978904	0.940137	
-0.216757	0.234196	-0.109866	0.941328	
-0.215721	0.234411	-0.121523	0.940079	
-0.216825	0.237856	-0.133441	0.937339	
-0.217563	0.241172	-0.145782	0.934478	
-0.216845	0.245074	-0.156745	0.931852	
-0.216926	0.255077	-0.167652	0.927239	
-0.216148	0.267318	-0.176455	0.922326	
-0.215793	0.27999	-0.186303	0.916695	
-0.217465	0.295102	-0.195428	0.909633	
-0.219565	0.307815	-0.20381	0.903052	
-0.217993	0.309775	-0.206187	0.902222	
-0.218448	0.31288	-0.207474	0.900745	
-0.218948	0.315562	-0.207986	0.899569	
-0.218966	0.317776	-0.20745	0.898909	
-0.221086	0.317132	-0.205492	0.899067	
-0.220394	0.318233	-0.202721	0.899477	
-0.220241	0.319127	-0.199339	0.899953	
-0.22252	0.318632	-0.209276	0.897308	
-0.224028	0.314429	-0.210529	0.898122	
-0.22577	0.307909	-0.210886	0.89986	
-0.228026	0.299979	-0.206771	0.902919	
-0.230113	0.291991	-0.195526	0.907502	
-0.231949	0.283073	-0.180254	0.913005	
-0.233272	0.273992	-0.163611	0.918555	
-0.233923	0.263954	-0.146924	0.924133	
-0.23352	0.254498	-0.1298	0.929436	
-0.235209	0.252849	-0.124017	0.930249	
-0.23296	0.240851	-0.108418	0.935931	
-0.230628	0.231806	-0.0983411	0.939896	
-0.226805	0.22599	-0.0866383	0.943389	
-0.224898	0.221377	-0.0836667	0.945205	
-0.220203	0.220076	-0.0747694	0.947358	
-0.216835	0.217838	-0.0712801	0.94892	
-0.214382	0.221287	-0.0640886	0.949192	
-0.214001	0.229549	-0.0548138	0.947896	
-0.216207	0.238518	-0.0487754	0.945507	
-0.219298	0.245431	-0.04578	0.943173	
-0.224006	0.251286	-0.0490885	0.940355	
-0.227888	0.254008	-0.0538445	0.938428	
-0.230268	0.253067	-0.0594588	0.937762	
-0.232453	0.252274	-0.0694465	0.93675	
-0.232065	0.249216	-0.0753227	0.937211	
-0.231294	0.245264	-0.0835269	0.937748	
-0.229944	0.240353	-0.0913704	0.93862	
-0.228087	0.235894	-0.0969931	0.93964	
-0.226644	0.232776	-0.102156	0.940219	
-0.22504	0.22991	-0.104527	0.941048	
-0.223543	0.228251	-0.10441	0.941822	
-0.222486	0.226706	-0.104691	0.942414	
-0.221317	0.225863	-0.103603	0.943012	
-0.219553	0.226351	-0.100904	0.9436	
-0.217383	0.228025	-0.097305	0.944077	
-0.215223	0.229147	-0.0944561	0.944589	
-0.213522	0.232129	-0.0931149	0.94438	
-0.211867	0.23567	-0.091321	0.944051	
-0.21026	0.238143	-0.0892155	0.943991	
-0.209726	0.240614	-0.0904205	0.943368	
-0.208443	0.242826	-0.0880054	0.943314	
-0.20842	0.244175	-0.088631	0.942913	
-0.208418	0.245	-0.088539	0.942708	
-0.209124	0.245922	-0.0903507	0.942139	
-0.210275	0.249007	-0.0920214	0.94091	
-0.211317	0.250154	-0.0935789	0.940219	
-0.211995	0.250695	-0.0933958	0.93994	
-0.213465	0.251416	-0.0962498	0.939127	
-0.214092	0.251716	-0.0964364	0.938884	
-0.21422	0.251581	-0.0953287	0.939005	
-0.215046	0.251416	-0.0976322	0.938623	
-0.214911	0.251303	-0.097129	0.938736	
-0.214764	0.251015	-0.0970135	0.938859	
-0.214947	0.25063	-0.0981906	0.938798	
-0.215276	0.248987	-0.101005	0.938861	
-0.214822	0.24774	-0.100417	0.939358	
-0.215395	0.246974	-0.104307	0.939004	
-0.215401	0.246247	-0.10578	0.939029	
-0.215912	0.24636	-0.108112	0.938616	
-0.215439	0.245553	-0.106961	0.939068	
-0.215259	0.2459	-0.106402	0.939082	
-0.214861	0.245972	-0.104933	0.93932	
-0.214944	0.24668	-0.104895	0.93912	
-0.215699	0.247732	-0.10719	0.93841	
-0.216276	0.247767	-0.109127	0.938044	
-0.216516	0.248177	-0.109284	0.937862	
-0.217225	0.248645	-0.110131	0.937475	
-0.218129	0.250691	-0.111298	0.936582	
-0.218773	0.25165	-0.11229	0.936057	
-0.219402	0.252457	-0.113084	0.935596	
-0.219405	0.252178	-0.112064	0.935793	
-0.21962	0.251606	-0.112197	0.935881	
-0.220412	0.251805	-0.114112	0.93541	
-0.220889	0.251934	-0.11538	0.935107	
-0.220329	0.250598	-0.114118	0.935753	
-0.220235	0.250239	-0.114431	0.935832	
-0.219847	0.248974	-0.113614	0.936361	
-0.219681	0.249086	-0.112497	0.936505	
-0.219704	0.248513	-0.111887	0.936724	
-0.218676	0.246865	-0.108037	0.937852	
-0.2189	0.246578	-0.108042	0.937875	
-0.218491	0.2451	-0.106507	0.938533	
-0.218586	0.24457	-0.106416	0.938659	
-0.218627	0.243662	-0.106387	0.938889	
-0.218804	0.242103	-0.106355	0.939255	
-0.219172	0.240984	-0.107046	0.939378	
-0.21919	0.238839	-0.106943	0.939933	
-0.219331	0.237789	-0.108158	0.940028	
-0.219311	0.235201	-0.108567	0.940636	
-0.219385	0.234738	-0.107405	0.940868	
-0.218812	0.232457	-0.105118	0.941825	
-0.219066	0.229664	-0.105777	0.942378	
-0.219309	0.22793	-0.106037	0.942713	
-0.219536	0.225514	-0.106274	0.943214	
-0.219989	0.225341	-0.106854	0.943084	
-0.219771	0.222392	-0.105181	0.944023	
-0.220192	0.220911	-0.104735	0.944322	
-0.220085	0.219653	-0.102816	0.944851	
-0.220075	0.21726	-0.101983	0.945497	
-0.22143	0.215977	-0.105331	0.945107	
-0.221157	0.21391	-0.104412	0.945743	
-0.220684	0.213276	-0.103386	0.94611	
-0.22067	0.21191	-0.104952	0.946247	
-0.219947	0.210618	-0.104615	0.946741	
-0.220806	0.211134	-0.106061	0.946265	
-0.220963	0.210354	-0.10438	0.946589	
-0.221096	0.209035	-0.103161	0.946984	
-0.221118	0.207954	-0.102794	0.947257	
-0.219867	0.206878	-0.0994674	0.948138	
-0.22005	0.206537	-0.100685	0.948042	
-0.219941	0.205625	-0.10121	0.948209	
-0.219319	0.204719	-0.100347	0.948641	
-0.22008	0.204434	-0.103222	0.948218	
-0.220539	0.203932	-0.10492	0.948033	
-0.220634	0.202918	-0.105826	0.948128	
-0.221446	0.202432	-0.108281	0.947765	
-0.221716	0.203009	-0.108934	0.947503	
-0.22232	0.204815	-0.109755	0.946878	
-0.222896	0.20448	-0.111475	0.946614	
-0.222847	0.203189	-0.111327	0.946921	
-0.222867	0.202776	-0.110929	0.947052	
-0.223365	0.203235	-0.111433	0.946777	
-0.223225	0.203113	-0.11093	0.946895	
-0.223205	0.20498	-0.109582	0.946654	
-0.223423	0.205189	-0.109579	0.946558	
-0.222543	0.205114	-0.106161	0.947171	
-0.223582	0.205718	-0.108394	0.946542	
-0.223982	0.205898	-0.108919	0.946348	
-0.224915	0.206674	-0.110321	0.945795	
-0.225532	0.206088	-0.111793	0.945603	
-0.226119	0.20594	-0.112542	0.945406	
-0.226784	0.206138	-0.113171	0.945129	
-0.227088	0.206697	-0.112125	0.945058	
-0.227352	0.206766	-0.111478	0.945056	
-0.227662	0.20725	-0.111383	0.944887	
-0.228216	0.207464	-0.112101	0.944621	
-0.227685	0.207056	-0.109962	0.94509	
-0.228094	0.207295	-0.111308	0.944782	
-0.228434	0.207384	-0.112675	0.944518	
-0.228433	0.207803	-0.112995	0.944388	
-0.228561	0.208583	-0.113621	0.94411	
-0.228038	0.208738	-0.112427	0.944345	
-0.227887	0.208652	-0.112468	0.944395	
-0.227506	0.208311	-0.112153	0.9446	
-0.227092	0.209083	-0.111331	0.944626	
-0.227102	0.209328	-0.111999	0.944491	
-0.226442	0.208186	-0.110462	0.945082	
-0.22647	0.207913	-0.11047	0.945135	
-0.226501	0.20736	-0.110684	0.945224	
-0.226232	0.207423	-0.109695	0.94539	
-0.225881	0.20728	-0.108525	0.94564	
-0.226036	0.207714	-0.108792	0.945477	
-0.225543	0.208275	-0.106708	0.945709	
-0.224806	0.20768	-0.104674	0.946243	
-0.225193	0.208139	-0.105581	0.945949	
-0.226495	0.20908	-0.109493	0.944985	
-0.226651	0.210447	-0.109375	0.944658	
-0.226265	0.210229	-0.108319	0.944921	
-0.226248	0.209802	-0.108649	0.944982	
-0.226877	0.212054	-0.109818	0.944193	
-0.227298	0.21246	-0.110931	0.94387	
-0.227265	0.212554	-0.110324	0.943928	




-0.0165252	0.0811694	-0.503913	0.859774	
-0.0146753	0.0966853	-0.485122	0.868961	
-0.0141279	0.105743	-0.46938	0.876528	
-0.013002	0.102185	-0.468414	0.877484	
-0.0249423	0.113562	-0.470819	0.874535	
-0.0434878	0.142191	-0.469761	0.870181	
-0.0696761	0.188576	-0.457643	0.86611	
-0.104238	0.241326	-0.435008	0.861199	
-0.138229	0.282712	-0.408408	0.856837	
-0.162736	0.309732	-0.377196	0.8575	
-0.150359	0.313736	-0.3328	0.876474	
-0.095615	0.308306	-0.276489	0.905185	
-0.0280868	0.305312	-0.218648	0.926385	
0.0304108	0.301094	-0.170427	0.937749	
0.0679025	0.298598	-0.136707	0.942093	
0.0823194	0.30196	-0.116241	0.94262	
0.0861417	0.308066	-0.0716293	0.944746	
0.0835887	0.315429	-0.0257162	0.944911	
0.0718814	0.325843	-0.030118	0.942206	
0.0541715	0.336115	-0.0431366	0.939272	
0.0290442	0.346931	-0.064176	0.935242	
-0.00014857	0.353045	-0.100146	0.930231	
-0.0324659	0.359289	-0.141069	0.921931	
-0.0670522	0.363219	-0.17729	0.91222	
-0.0977876	0.363976	-0.218387	0.900148	
-0.124391	0.366018	-0.252168	0.887113	
-0.14602	0.371352	-0.276606	0.874222	
-0.160265	0.372741	-0.291167	0.866372	
-0.169491	0.381207	-0.300015	0.857872	
-0.169003	0.383046	-0.300761	0.856888	
-0.16296	0.383345	-0.295999	0.859578	
-0.152961	0.380699	-0.286943	0.865641	
-0.142266	0.375136	-0.283353	0.87106	
-0.13153	0.365134	-0.283965	0.876779	
-0.122472	0.357091	-0.278773	0.883047	
-0.115975	0.348119	-0.274719	0.888759	
-0.111908	0.341831	-0.267727	0.89384	
-0.113706	0.34084	-0.264966	0.894814	
-0.120565	0.343429	-0.26378	0.893275	
-0.129878	0.346489	-0.261234	0.891535	
-0.138867	0.346773	-0.249344	0.893472	
-0.148318	0.348459	-0.236817	0.894704	
-0.156298	0.350715	-0.218988	0.897003	
-0.163296	0.351316	-0.201447	0.899628	
-0.168797	0.352228	-0.180284	0.902741	
-0.173793	0.352285	-0.160428	0.905513	
-0.179489	0.34852	-0.148467	0.907896	
-0.183675	0.349653	-0.125595	0.910073	
-0.186407	0.347387	-0.101842	0.913347	
-0.186397	0.346244	-0.0809154	0.915873	
-0.184059	0.344248	-0.0660685	0.918287	
-0.180361	0.343156	-0.0591665	0.919898	
-0.176387	0.342656	-0.0552221	0.9211	
-0.172689	0.34063	-0.0484241	0.922933	
-0.170422	0.341049	-0.0447304	0.923386	
-0.168412	0.34142	-0.0420721	0.923742	
-0.166573	0.342482	-0.0390745	0.923814	
-0.164778	0.343086	-0.0362111	0.924029	
-0.162492	0.343327	-0.0336867	0.924439	
-0.158524	0.339541	-0.0229535	0.926852	
-0.154119	0.338354	-0.0213822	0.928066	
-0.15001	0.33726	-0.0240356	0.929072	
-0.144124	0.335498	-0.0230873	0.930664	
-0.139983	0.334751	-0.0284026	0.931418	
-0.134527	0.332904	-0.0273608	0.932914	
-0.129477	0.331139	-0.0262399	0.934288	
-0.126899	0.330469	-0.0333725	0.934651	
-0.124318	0.328789	-0.0395613	0.935349	
-0.121746	0.326195	-0.0453165	0.936334	
-0.119305	0.324263	-0.0486435	0.937152	
-0.118056	0.323683	-0.054815	0.93717	
-0.117621	0.323812	-0.061574	0.93676	
-0.116701	0.321345	-0.0635689	0.937591	
-0.116293	0.318307	-0.0646806	0.938602	
-0.115869	0.315905	-0.0641941	0.939498	
-0.115906	0.31389	-0.063437	0.940221	
-0.115845	0.311986	-0.0610695	0.941018	
-0.115358	0.310343	-0.0573082	0.941857	
-0.114456	0.307717	-0.0521778	0.943127	
-0.113751	0.304741	-0.0472194	0.944438	
-0.112868	0.301053	-0.0411651	0.946009	
-0.11191	0.299665	-0.0352834	0.946801	
-0.110609	0.296312	-0.0288085	0.948227	
-0.110368	0.293169	-0.0261001	0.94931	
-0.10985	0.291584	-0.0204161	0.949997	
-0.110048	0.288193	-0.0170414	0.951075	
-0.109748	0.283598	-0.00995143	0.95259	
-0.109948	0.280544	-0.00590813	0.953505	
-0.109627	0.278527	0.00023882	0.954151	
-0.109785	0.275605	0.00594494	0.954963	
-0.109263	0.272163	0.0144547	0.955918	
-0.109054	0.267048	0.0214671	0.957252	
-0.108552	0.26253	0.0268836	0.958421	
-0.107536	0.258572	0.0319079	0.959457	
-0.106061	0.254588	0.0376098	0.96048	
-0.104832	0.250763	0.0420229	0.961438	
-0.104178	0.24804	0.0443591	0.96211	
-0.103909	0.246513	0.0463539	0.962437	
-0.103954	0.245604	0.0489777	0.962535	
-0.104599	0.244247	0.0511156	0.962699	
-0.105119	0.242946	0.0564735	0.962672	
-0.106706	0.242131	0.0575685	0.962638	
-0.108463	0.241731	0.0596363	0.962416	
-0.111139	0.24024	0.0570408	0.962642	
-0.113211	0.238696	0.0544969	0.962932	
-0.114368	0.237374	0.0554335	0.963068	
-0.116259	0.234635	0.055576	0.963505	
-0.118038	0.234012	0.0540507	0.963527	
-0.119496	0.233218	0.0520084	0.963652	
-0.121129	0.234105	0.0475432	0.963464	
-0.123868	0.237131	0.0374744	0.96282	
-0.126716	0.241004	0.0281725	0.961804	
-0.13078	0.245396	0.0210455	0.96033	
-0.136042	0.248795	0.0167792	0.958808	
-0.140992	0.252133	0.0153488	0.957243	
-0.144986	0.254792	0.0141071	0.955961	
-0.147618	0.255319	0.0123078	0.955442	
-0.149128	0.255669	0.00953585	0.955146	
-0.148772	0.253625	0.00869618	0.955754	
-0.14811	0.253772	0.00522225	0.955843	
-0.146892	0.25247	0.000356495	0.95639	
-0.144765	0.250422	-0.00300012	0.957248	
-0.143048	0.248854	-0.00768151	0.957888	
-0.141259	0.247136	-0.0103622	0.958573	
-0.140811	0.245792	-0.0150917	0.958922	
-0.141684	0.244818	-0.0204367	0.958943	
-0.143518	0.245159	-0.0252213	0.958469	
-0.146864	0.245271	-0.0333071	0.957687	
-0.151208	0.246406	-0.0421757	0.956369	
-0.156459	0.24856	-0.0516317	0.954501	
-0.162541	0.251521	-0.0612961	0.952135	
-0.170142	0.255882	-0.0707768	0.948982	
-0.180776	0.26277	-0.0818452	0.944232	
-0.194178	0.273371	-0.0921781	0.937585	
-0.208833	0.283985	-0.0972543	0.930743	
-0.222018	0.295206	-0.103238	0.923528	
-0.232532	0.304585	-0.107736	0.91736	
-0.240154	0.312644	-0.109735	0.912435	
-0.245884	0.318224	-0.11221	0.908671	
-0.250405	0.323176	-0.113371	0.905539	
-0.255143	0.329298	-0.117122	0.901525	
-0.260374	0.333894	-0.121028	0.897815	
-0.266281	0.336359	-0.122707	0.89493	
-0.272755	0.333715	-0.121101	0.894189	
-0.279408	0.330978	-0.119968	0.893304	
-0.284917	0.328221	-0.118857	0.89273	
-0.291889	0.330405	-0.135288	0.887317	
-0.296392	0.332797	-0.153408	0.881966	
-0.29813	0.335184	-0.172937	0.876849	
-0.297205	0.335616	-0.194829	0.872395	
-0.293451	0.333373	-0.218623	0.868881	
-0.286233	0.328441	-0.241721	0.867046	
-0.277459	0.322719	-0.267426	0.864495	
-0.265052	0.315343	-0.290456	0.863679	
-0.245598	0.304217	-0.306889	0.867728	
-0.222565	0.292506	-0.31831	0.873833	
-0.196463	0.282798	-0.324242	0.881076	
-0.171567	0.274961	-0.325574	0.888236	
-0.150092	0.268958	-0.323158	0.89482	
-0.133739	0.263422	-0.319406	0.90039	
-0.12057	0.257682	-0.312013	0.906483	
-0.108337	0.251208	-0.296467	0.915022	
-0.0991821	0.245469	-0.272814	0.924922	
-0.0964572	0.244063	-0.244186	0.933543	
-0.102361	0.249133	-0.21535	0.938658	
-0.117962	0.26289	-0.188508	0.93885	
-0.141685	0.284016	-0.163221	0.934141	
-0.160967	0.301006	-0.125602	0.931509	
-0.182241	0.323249	-0.102756	0.922897	
-0.196853	0.344845	-0.0811914	0.914187	
-0.207155	0.366643	-0.0620901	0.904878	
-0.214238	0.38721	-0.0471345	0.895516	
-0.221288	0.407065	-0.0368461	0.885422	
-0.229361	0.42543	-0.0318113	0.874866	
-0.238008	0.440958	-0.0325003	0.864784	
-0.244904	0.451619	-0.0394481	0.857033	
-0.248716	0.456218	-0.052051	0.852816	
-0.248508	0.456047	-0.0686857	0.85179	
-0.244805	0.450601	-0.0879322	0.853989	
-0.238443	0.440809	-0.10813	0.858569	
-0.229763	0.426775	-0.128398	0.865209	
-0.218998	0.407636	-0.1487	0.873934	
-0.204765	0.386131	-0.2114	0.874234	
-0.191005	0.354692	-0.230538	0.885756	
-0.174345	0.320394	-0.248623	0.897295	
-0.159722	0.292442	-0.266439	0.904421	
-0.163504	0.2836	-0.296146	0.897293	
-0.191935	0.297855	-0.33951	0.871307	
-0.22269	0.325121	-0.37716	0.838127	
-0.240521	0.347414	-0.395656	0.81542	
-0.241967	0.355313	-0.39578	0.811519	
-0.229373	0.351704	-0.383401	0.822615	
-0.209028	0.342396	-0.361806	0.841528	
-0.187435	0.328751	-0.334875	0.862931	
-0.170186	0.314699	-0.306291	0.882149	
-0.163637	0.309467	-0.278304	0.894427	
-0.171147	0.316553	-0.253423	0.897931	
-0.187982	0.3314	-0.233078	0.894713	
-0.206886	0.3483	-0.214495	0.88875	
-0.224257	0.366006	-0.194459	0.882006	
-0.238223	0.37811	-0.176914	0.876917	
-0.252635	0.395263	-0.155755	0.8693	
-0.265762	0.411098	-0.13622	0.861286	
-0.277787	0.42481	-0.119094	0.853339	
-0.288432	0.436278	-0.104213	0.845937	
-0.297256	0.445509	-0.0911837	0.839551	
-0.304312	0.452444	-0.0800614	0.834434	
-0.309169	0.457013	-0.0712316	0.830951	
-0.31115	0.459226	-0.0649421	0.829506	
-0.310181	0.458341	-0.0612899	0.830635	
-0.305594	0.454031	-0.0600051	0.834786	
-0.298518	0.446688	-0.0605476	0.841244	
-0.289419	0.437124	-0.0621575	0.849291	
-0.280575	0.418362	-0.0489864	0.862468	
-0.270709	0.406652	-0.051082	0.871058	
-0.261474	0.391487	-0.0476397	0.880965	
-0.252928	0.378813	-0.0486095	0.888912	
-0.244758	0.367948	-0.0478973	0.895776	
-0.237104	0.35777	-0.0490014	0.901876	
-0.228995	0.348028	-0.0482039	0.907808	
-0.220739	0.338849	-0.0491429	0.913258	
-0.211673	0.327481	-0.0490179	0.919537	
-0.202479	0.317328	-0.0484775	0.925179	
-0.194263	0.308438	-0.0476296	0.929978	
-0.187518	0.301842	-0.046518	0.933576	
-0.182756	0.297812	-0.0456358	0.935856	
-0.182242	0.300896	-0.0508129	0.934702	
-0.183195	0.304779	-0.0562625	0.932944	
-0.185092	0.309281	-0.0625264	0.930686	
-0.18782	0.314028	-0.0707805	0.927955	
-0.1907	0.319639	-0.0762752	0.925012	
-0.194082	0.324309	-0.0813509	0.922246	
-0.197546	0.328077	-0.0851483	0.919832	
-0.200506	0.331015	-0.0855396	0.918101	
-0.202468	0.33229	-0.0835234	0.917395	
-0.20333	0.331621	-0.0794336	0.91781	
-0.203117	0.328657	-0.0746947	0.91932	
-0.20205	0.326656	-0.0702307	0.920619	
-0.20121	0.324367	-0.0697004	0.921652	
-0.200769	0.321543	-0.0716599	0.922587	
-0.200964	0.318764	-0.0720609	0.923477	
-0.201588	0.316654	-0.0680092	0.924374	
-0.20295	0.313774	-0.0626062	0.925439	
-0.205009	0.311111	-0.0579454	0.926188	
-0.207095	0.309734	-0.0521383	0.92653	
-0.210485	0.310416	-0.0520123	0.925545	
-0.213486	0.310897	-0.0527513	0.924653	
-0.215773	0.310682	-0.0544475	0.924097	
-0.216516	0.307912	-0.0522996	0.924973	
-0.215341	0.302767	-0.0463858	0.927259	
-0.213452	0.296297	-0.0453819	0.929832	
-0.211025	0.291376	-0.0476573	0.931825	
-0.209511	0.288234	-0.055601	0.932703	
-0.20748	0.284702	-0.0586129	0.934056	
-0.205327	0.281616	-0.0571897	0.935555	
-0.20242	0.277892	-0.0504178	0.937689	
-0.200445	0.276398	-0.0457528	0.938793	
-0.197641	0.275311	-0.0399294	0.939972	
-0.194675	0.275242	-0.0357846	0.940778	
-0.191649	0.2764	-0.0327178	0.941171	
-0.189183	0.278328	-0.0319246	0.941129	
-0.1864	0.280039	-0.0298573	0.941245	
-0.184979	0.284229	-0.031132	0.940227	
-0.183211	0.286545	-0.0319133	0.939844	
-0.181813	0.289766	-0.0339861	0.939055	
-0.180504	0.293256	-0.0363273	0.938136	
-0.179868	0.295404	-0.0411831	0.937384	
-0.179446	0.297188	-0.0465151	0.936651	
-0.179538	0.299767	-0.0509984	0.935577	
-0.179847	0.301706	-0.0535148	0.934754	
-0.180681	0.302528	-0.0562017	0.93417	
-0.181682	0.302966	-0.0572517	0.93377	
-0.182837	0.302456	-0.0586445	0.933623	
-0.183887	0.302033	-0.0582522	0.933578	
-0.184441	0.301095	-0.0576838	0.933807	
-0.184352	0.299797	-0.0568522	0.934293	
-0.182887	0.29634	-0.0513345	0.936002	
-0.181425	0.293952	-0.0503003	0.937095	
-0.179734	0.290572	-0.0474576	0.938622	
-0.17796	0.286752	-0.0445508	0.940276	
-0.176211	0.28319	-0.04245	0.941781	
-0.174751	0.278595	-0.0426885	0.943411	
-0.172996	0.274632	-0.0415508	0.944946	
-0.171339	0.270737	-0.0405358	0.946415	
-0.16989	0.268285	-0.0394486	0.94742	
-0.168644	0.265627	-0.0367695	0.948498	
-0.167939	0.263452	-0.0347968	0.949304	
-0.167611	0.261815	-0.0343966	0.94983	
-0.166638	0.26127	-0.0326538	0.950212	
-0.164605	0.260486	-0.0280948	0.950927	
-0.163273	0.259827	-0.0264542	0.951384	
-0.162006	0.260269	-0.024751	0.951526	
-0.161171	0.261003	-0.0238253	0.95149	
-0.159926	0.260997	-0.0212579	0.951763	
-0.160414	0.260203	-0.0241495	0.951829	
-0.160954	0.258668	-0.0271167	0.952076	
-0.162099	0.256953	-0.0317962	0.952202	
-0.164034	0.256776	-0.0386285	0.951665	
-0.165224	0.255839	-0.0420373	0.951567	
-0.166181	0.254443	-0.044926	0.951643	
-0.167012	0.253348	-0.0470115	0.951689	
-0.167934	0.252438	-0.0498208	0.951625	
-0.168224	0.250545	-0.0494239	0.952095	
-0.168805	0.247687	-0.0495758	0.952732	
-0.170897	0.245132	-0.0532803	0.95282	
-0.173152	0.243888	-0.0539895	0.952692	
-0.175738	0.241317	-0.0534347	0.952904	
-0.17863	0.240462	-0.0534473	0.952582	
-0.181335	0.240738	-0.0545787	0.951937	
-0.182886	0.238523	-0.0522666	0.952327	
-0.184679	0.241542	-0.0554661	0.951039	
-0.184744	0.240165	-0.0545962	0.951425	
-0.18522	0.240701	-0.0571306	0.951048	
-0.185682	0.240661	-0.0587213	0.950871	
-0.187357	0.241405	-0.0587381	0.950353	
-0.190479	0.247773	-0.0574226	0.948171	
-0.194646	0.255862	-0.0552934	0.945299	
-0.198573	0.263126	-0.0528974	0.942622	
-0.20097	0.267854	-0.0501486	0.940931	
-0.20164	0.269343	-0.048156	0.940466	
-0.200509	0.268524	-0.0471554	0.940993	
-0.198555	0.267844	-0.0478629	0.941565	
-0.196772	0.268286	-0.0492453	0.941742	
-0.195483	0.269773	-0.0508623	0.9415	
-0.193081	0.271042	-0.0487136	0.941744	
-0.190186	0.26985	-0.0460099	0.942812	
-0.185532	0.262525	-0.0450679	0.945847	
-0.181146	0.257567	-0.0442432	0.948097	
-0.17878	0.254618	-0.0440202	0.949352	
-0.179312	0.253705	-0.0447403	0.949463	
-0.18321	0.255296	-0.0503182	0.948012	
-0.187205	0.255976	-0.0491828	0.947107	
-0.192316	0.257107	-0.0482804	0.945822	
-0.197268	0.257269	-0.0437483	0.944978	
-0.202161	0.256001	-0.0386428	0.944511	
-0.207987	0.262889	-0.0397424	0.941303	
-0.212646	0.267495	-0.041556	0.938883	
-0.216298	0.269898	-0.0441351	0.937242	
-0.218461	0.270501	-0.0473216	0.93641	
-0.219375	0.269294	-0.0508491	0.93636	
-0.219466	0.266743	-0.0545302	0.936862	
-0.218811	0.263336	-0.0584476	0.937742	
-0.21763	0.25817	-0.0629593	0.93916	
-0.213464	0.246143	-0.0584715	0.943625	
-0.210687	0.238695	-0.0641367	0.945792	
-0.211354	0.241165	-0.0610804	0.945219	
-0.216062	0.25844	-0.0432325	0.940562	
-0.224363	0.280986	-0.0251298	0.932779	
-0.236346	0.301773	-0.0180488	0.923443	
-0.247579	0.312294	-0.00855471	0.917117	
-0.260362	0.32559	-0.020355	0.908729	
-0.268983	0.331968	-0.0356322	0.903424	
-0.277964	0.343285	-0.0566299	0.895368	
-0.287434	0.351701	-0.0761446	0.887632	
-0.297957	0.357641	-0.09558	0.879875	
-0.307272	0.359149	-0.111117	0.874213	
-0.31444	0.358437	-0.125964	0.869933	
-0.318799	0.357232	-0.138755	0.866891	
-0.319914	0.354901	-0.14799	0.86591	
-0.317029	0.351262	-0.149052	0.868269	
-0.310617	0.345707	-0.147233	0.873113	
-0.300505	0.338451	-0.138524	0.880885	
-0.287869	0.328481	-0.127594	0.890478	
-0.272271	0.316164	-0.111256	0.901959	
-0.253862	0.295324	-0.100235	0.915582	
-0.235886	0.2786	-0.0875738	0.926861	
-0.221123	0.269165	-0.0743192	0.934415	
-0.210882	0.267432	-0.0624493	0.938141	
-0.206843	0.273046	-0.0558452	0.93784	
-0.205251	0.278604	-0.0464332	0.937068	
-0.20598	0.2848	-0.0384058	0.935407	
-0.208445	0.292125	-0.034422	0.932753	
-0.213556	0.30619	-0.0390619	0.926885	
-0.219245	0.320778	-0.0463183	0.920265	
-0.225795	0.33509	-0.0560054	0.913014	
-0.232019	0.348383	-0.0680268	0.905632	
-0.237793	0.359278	-0.081835	0.898708	
-0.241977	0.367194	-0.0967212	0.892895	
-0.244253	0.371077	-0.112154	0.888855	
-0.244257	0.37045	-0.127413	0.887058	
-0.241126	0.364409	-0.141848	0.888225	
-0.234337	0.35302	-0.15515	0.892408	
-0.22675	0.338331	-0.166916	0.897917	
-0.229219	0.333245	-0.174379	0.897774	
-0.247036	0.342104	-0.181723	0.888209	
-0.267292	0.357572	-0.186813	0.875099	
-0.277734	0.374378	-0.184852	0.865179	
-0.277292	0.385296	-0.177158	0.862132	
-0.270633	0.381998	-0.17558	0.866029	
-0.256374	0.362776	-0.167157	0.880184	
-0.243588	0.352226	-0.155711	0.890144	
-0.227158	0.326963	-0.145133	0.905776	
-0.212371	0.309497	-0.132244	0.9174	
-0.202696	0.30345	-0.116176	0.923762	
-0.197196	0.306203	-0.0981157	0.926135	
-0.193569	0.311399	-0.080508	0.926866	
-0.190911	0.316334	-0.0644387	0.927002	
-0.190096	0.321772	-0.0506509	0.926154	
-0.193097	0.330196	-0.0453688	0.922836	
-0.198619	0.338933	-0.035013	0.918939	
-0.208094	0.356224	-0.027631	0.910515	
-0.218967	0.374621	-0.0228277	0.900662	
-0.230268	0.392643	-0.0213661	0.890141	
-0.241475	0.409478	-0.0234922	0.879469	
-0.251861	0.423579	-0.0292319	0.869651	
-0.261046	0.434758	-0.0379766	0.861045	
-0.268266	0.443095	-0.0490717	0.853986	
-0.273471	0.448543	-0.0618901	0.848642	
-0.276797	0.450354	-0.0764399	0.845412	
-0.27709	0.448549	-0.0927095	0.844648	
-0.273828	0.4412	-0.110745	0.847406	
-0.266237	0.427798	-0.129948	0.853944	
-0.255567	0.392805	-0.112744	0.876172	
-0.238474	0.361686	-0.133169	0.891392	
-0.221069	0.335432	-0.151277	0.903177	
-0.221335	0.326217	-0.166298	0.903846	
-0.249011	0.338411	-0.189339	0.887481	
-0.285708	0.364601	-0.210592	0.860865	
-0.309117	0.395403	-0.219723	0.836555	
-0.31815	0.394793	-0.170767	0.844842	
-0.311561	0.401747	-0.166005	0.844969	
-0.298159	0.39406	-0.163174	0.853928	
-0.291999	0.393972	-0.174246	0.853909	
-0.279784	0.375023	-0.180042	0.865253	
-0.270891	0.357928	-0.183764	0.874492	
-0.261392	0.341029	-0.182846	0.884274	
-0.248059	0.32585	-0.175373	0.895284	
-0.22943	0.312416	-0.161206	0.907618	
-0.20635	0.299966	-0.141778	0.92051	
-0.190514	0.298505	-0.135878	0.925276	
-0.168502	0.288266	-0.113912	0.9357	
-0.156699	0.286857	-0.0920706	0.940575	
-0.154763	0.293408	-0.0719758	0.940627	
-0.163608	0.302976	-0.0701239	0.936227	
-0.172146	0.305572	-0.0413331	0.935566	
-0.182989	0.311365	-0.03213	0.931952	
-0.193999	0.322387	-0.0232879	0.926223	
-0.20347	0.332681	-0.0172042	0.920667	
-0.212068	0.341969	-0.0139888	0.915363	
-0.220116	0.350738	-0.0131762	0.910142	
-0.227717	0.357719	-0.0144687	0.905523	
-0.234391	0.362587	-0.0173177	0.901827	
-0.240112	0.363944	-0.0213603	0.899686	
-0.243507	0.361162	-0.0263626	0.899762	
-0.244807	0.354869	-0.0315067	0.901745	
-0.243439	0.34553	-0.0361984	0.905559	
-0.239347	0.333072	-0.0403682	0.911124	
-0.23001	0.311706	-0.0253137	0.921572	
-0.218813	0.291786	-0.0182557	0.930939	
-0.208328	0.27566	-0.0218721	0.938154	
-0.203402	0.264926	-0.0251005	0.942238	
-0.207477	0.266474	-0.0240595	0.940939	
-0.219797	0.278283	-0.0208628	0.93478	
-0.235663	0.292162	-0.0195494	0.926673	
-0.247674	0.302844	-0.0137617	0.920192	
-0.257765	0.311833	-0.0157915	0.914367	
-0.261719	0.313792	-0.020277	0.912483	
-0.261051	0.310034	-0.0269707	0.913786	
-0.2631	0.310452	-0.0501713	0.912075	
-0.264029	0.306459	-0.0700447	0.911847	
-0.264967	0.300773	-0.0896269	0.911754	
-0.264923	0.295959	-0.10301	0.911928	
-0.262421	0.290758	-0.111723	0.913298	
-0.257714	0.286864	-0.11675	0.915239	
-0.250815	0.282818	-0.117657	0.918293	
-0.243142	0.279709	-0.115327	0.921599	
-0.235544	0.276529	-0.109522	0.925233	
-0.229851	0.273659	-0.10531	0.928003	
-0.224122	0.270484	-0.0941103	0.931532	
-0.2209	0.268207	-0.0882107	0.933535	
-0.218328	0.267077	-0.0806837	0.935143	
-0.216022	0.266767	-0.0721912	0.93646	
-0.214407	0.266802	-0.0648999	0.937355	
-0.212023	0.26672	-0.055193	0.938542	
-0.20948	0.265211	-0.0476128	0.939954	
-0.206597	0.264872	-0.042723	0.940923	
-0.203868	0.264284	-0.0406632	0.941774	
-0.201618	0.263342	-0.0423116	0.942449	
-0.198841	0.262144	-0.0432211	0.943332	
-0.196846	0.261825	-0.0443825	0.943785	
-0.195503	0.259746	-0.0447174	0.944622	
-0.194453	0.260137	-0.0459096	0.944674	
-0.194692	0.258594	-0.0499466	0.944843	
-0.195553	0.257912	-0.0538615	0.944637	
-0.197433	0.259373	-0.0595374	0.943505	
-0.198644	0.261862	-0.0606483	0.942492	
-0.19935	0.265514	-0.0601325	0.941353	
-0.199068	0.268045	-0.0588274	0.940778	
-0.198044	0.270742	-0.0562163	0.940381	
-0.196432	0.272421	-0.0519002	0.940483	
-0.195039	0.273604	-0.0482359	0.940624	
-0.194035	0.272556	-0.0461583	0.94124	
-0.193028	0.271407	-0.0444462	0.941862	
-0.191792	0.269048	-0.0421673	0.942895	
-0.190571	0.265124	-0.0401606	0.944341	
-0.189829	0.26223	-0.0412928	0.945249	
-0.187353	0.256391	-0.0381692	0.947473	
-0.186159	0.249795	-0.0389482	0.949437	
-0.186447	0.248813	-0.0418853	0.949513	
-0.186732	0.246984	-0.0425996	0.949903	
-0.187818	0.245264	-0.0432469	0.950105	
-0.188331	0.242672	-0.0403404	0.950797	
-0.188921	0.239987	-0.0378622	0.951463	
-0.189739	0.238452	-0.0369545	0.951722	
-0.190106	0.23798	-0.0365804	0.951781	
-0.190291	0.236022	-0.0370336	0.952214	
-0.189957	0.23556	-0.0357448	0.952444	
-0.190023	0.234771	-0.0350212	0.952653	
-0.189469	0.234824	-0.0308436	0.952895	
-0.189877	0.234079	-0.0300126	0.953023	
-0.190917	0.233627	-0.0316636	0.952873	
-0.19095	0.231203	-0.0301111	0.953508	
-0.191076	0.230853	-0.0293384	0.953591	
-0.190791	0.231188	-0.02829	0.953599	
-0.189736	0.230122	-0.0250763	0.954157	
-0.189579	0.230127	-0.025118	0.954186	
-0.189193	0.229695	-0.024848	0.954373	
-0.189063	0.22968	-0.0259791	0.954373	
-0.18798	0.230592	-0.023742	0.954425	
-0.187579	0.231248	-0.023124	0.95436	
-0.186893	0.232275	-0.0208732	0.954297	
-0.187684	0.234143	-0.0219757	0.953661	
-0.18818	0.234962	-0.0210082	0.953383	
-0.188951	0.235953	-0.0201549	0.953005	
-0.190651	0.237838	-0.0215746	0.952166	
-0.192094	0.239114	-0.0216158	0.951555	
-0.193833	0.243162	-0.021673	0.950174	
-0.195467	0.246429	-0.0217796	0.948995	
-0.197302	0.248366	-0.0238237	0.94806	
-0.199466	0.251307	-0.0266607	0.946756	
-0.200635	0.253354	-0.0258076	0.945987	
-0.201478	0.255999	-0.0238827	0.945146	
-0.202936	0.25924	-0.0248693	0.943924	
-0.20385	0.26221	-0.0243776	0.942919	
-0.204857	0.265733	-0.0248429	0.941702	
-0.205119	0.268395	-0.0229771	0.940937	
-0.205353	0.270797	-0.0219081	0.940223	
-0.205588	0.272883	-0.0222702	0.93956	
-0.205236	0.274871	-0.020949	0.939088	
-0.205038	0.276918	-0.0198255	0.938553	
-0.205727	0.279183	-0.0223632	0.937674	
-0.205962	0.280849	-0.0233485	0.937101	
-0.206617	0.282227	-0.0257572	0.93648	
-0.207073	0.283284	-0.0270399	0.936024	
-0.207264	0.284038	-0.0268836	0.935757	
-0.207718	0.285036	-0.0277616	0.935327	
-0.208325	0.28698	-0.0284004	0.934578	
-0.208628	0.287333	-0.0274237	0.934431	
-0.209578	0.287498	-0.0282873	0.934142	
-0.210616	0.287305	-0.0291699	0.933941	
-0.21109	0.286329	-0.0287798	0.934146	
-0.212063	0.287082	-0.0307772	0.93363	
-0.212437	0.286449	-0.0315129	0.933715	
-0.21259	0.28663	-0.0311694	0.933637	
-0.21254	0.285412	-0.0314432	0.934012	
-0.212912	0.285287	-0.033458	0.933895	
-0.212518	0.285064	-0.0324464	0.934089	
-0.212481	0.284358	-0.0324473	0.934312	
-0.212745	0.283258	-0.0334993	0.934549	
-0.212741	0.282809	-0.0336926	0.934679	
-0.212606	0.28172	-0.0336491	0.93504	
-0.212949	0.282821	-0.0352165	0.934572	
-0.2131	0.282905	-0.0365642	0.93446	
-0.21282	0.283065	-0.0361952	0.93449	
-0.213242	0.284093	-0.0383645	0.933995	
-0.212802	0.284722	-0.0372462	0.933949	
-0.213174	0.285754	-0.0397059	0.933448	
-0.212978	0.28594	-0.0390865	0.933462	
-0.212443	0.287268	-0.0370327	0.93326	
-0.213179	0.288059	-0.0402647	0.932714	
-0.212473	0.290358	-0.0371398	0.932292	
-0.212669	0.29172	-0.0372851	0.931816	
-0.213067	0.293068	-0.0385499	0.93125	
-0.213297	0.294828	-0.0384567	0.930646	
-0.213732	0.29793	-0.0385476	0.929554	
-0.213899	0.299327	-0.0375524	0.929107	
-0.214643	0.300775	-0.0391689	0.928401	
-0.215213	0.30188	-0.0391575	0.927911	
-0.215703	0.302206	-0.0386133	0.927714	
-0.21656	0.302967	-0.0398747	0.927213	
-0.216565	0.302133	-0.0384165	0.927545	
-0.217569	0.302321	-0.0423851	0.927076	
-0.217324	0.300142	-0.0412308	0.927893	
-0.216909	0.29912	-0.0389154	0.92842	
-0.21693	0.298862	-0.0386075	0.928511	
-0.216927	0.298398	-0.0385572	0.928663	
-0.217083	0.297477	-0.0384286	0.928927	
-0.217766	0.297763	-0.0397601	0.92862	
-0.218532	0.298067	-0.0413293	0.928273	
-0.219269	0.298908	-0.0417577	0.92781	
-0.21991	0.298854	-0.0417329	0.927677	
-0.220475	0.299272	-0.0404504	0.927465	
-0.221043	0.299286	-0.0393772	0.927371	
-0.221963	0.29965	-0.04009	0.927003	
-0.222915	0.300657	-0.0398172	0.92646	
-0.224681	0.302968	-0.0438236	0.925099	
-0.225453	0.304665	-0.0433045	0.924378	
-0.226607	0.306313	-0.0450051	0.92347	
-0.227465	0.308241	-0.0455334	0.922591	
-0.227833	0.310566	-0.0445761	0.921767	
-0.228335	0.31178	-0.0433993	0.921289	
-0.229721	0.315031	-0.0462198	0.9197	
-0.230111	0.318334	-0.0456002	0.918495	
-0.230264	0.321427	-0.0459031	0.917364	
-0.229876	0.325406	-0.0450644	0.916099	
-0.229214	0.328617	-0.0459694	0.915073	
-0.228507	0.332979	-0.0489111	0.913519	
-0.226914	0.337012	-0.0478573	0.912492	
-0.225097	0.341228	-0.0474407	0.911397	
