



0.00228472	0.0324604	-0.0743291	0.996703	
0.0016584	0.0389338	-0.0702848	0.996765	
0.00185161	0.0406839	-0.0627973	0.997195	
0.00197324	0.0471853	-0.0586542	0.997161	
-0.000896978	0.0526669	-0.0528815	0.997211	
-0.0153124	0.0636287	-0.0526873	0.996464	
-0.0336652	0.0750651	-0.0573351	0.99496	
-0.0602558	0.0907769	-0.0658636	0.991862	
-0.0894001	0.105756	-0.078697	0.987234	
-0.106129	0.11662	-0.0737572	0.984732	
-0.117568	0.133045	-0.0635456	0.982058	
-0.127149	0.148213	-0.0536239	0.979281	
-0.131216	0.165237	-0.0381123	0.976743	
-0.137385	0.183121	-0.035161	0.972808	
-0.143576	0.196617	-0.0322525	0.969375	
-0.152835	0.210461	-0.0321592	0.965046	
-0.163878	0.221325	-0.0323996	0.960786	
-0.172908	0.227788	-0.0238418	0.957939	
-0.180569	0.234525	-0.0180816	0.955021	
-0.186525	0.239404	-0.0099221	0.952783	
-0.192987	0.242986	-0.00498787	0.950625	
-0.203846	0.248897	-0.0196999	0.94663	
-0.21852	0.252876	-0.0345107	0.941866	
-0.235712	0.253371	-0.0431447	0.93722	
-0.248633	0.254829	-0.034894	0.933824	
-0.251352	0.255951	-0.00794535	0.933407	
-0.245058	0.262357	0.0128759	0.933247	
-0.234082	0.269845	0.034154	0.933393	
-0.227562	0.27428	0.0473738	0.933135	
-0.228282	0.274939	0.0526778	0.932481	
-0.230453	0.271638	0.0617152	0.93236	
-0.233183	0.268926	0.0647005	0.932265	
-0.235323	0.268129	0.0647102	0.931956	
-0.236716	0.267769	0.0667591	0.931562	
-0.238559	0.268092	0.0666717	0.931005	
-0.240953	0.268743	0.0649884	0.93032	
-0.243487	0.270628	0.0636142	0.929208	
-0.246637	0.274382	0.0621698	0.927372	
-0.249264	0.276842	0.0634512	0.925851	
-0.252091	0.280212	0.0642941	0.924012	
-0.255365	0.283902	0.0652922	0.921914	
-0.259265	0.288885	0.0641534	0.919354	
-0.263451	0.29404	0.0624585	0.916642	
-0.267966	0.296465	0.0613715	0.914624	
-0.273124	0.301448	0.0609015	0.911495	
-0.278635	0.306516	0.0602266	0.908176	
-0.284554	0.312797	0.0574198	0.904373	
-0.290565	0.319171	0.0511707	0.900602	
-0.296233	0.325561	0.0451776	0.89678	
-0.30369	0.332018	0.0373315	0.892268	
-0.312866	0.335927	0.0323613	0.887818	
-0.323489	0.339653	0.0254239	0.882805	
-0.334107	0.342862	0.0199709	0.877735	
-0.344312	0.346181	0.0182933	0.87251	
-0.352966	0.349552	0.0213056	0.867626	
-0.359806	0.350869	0.0259848	0.86415	
-0.364781	0.351762	0.0340898	0.861415	
-0.369174	0.353638	0.0426802	0.858387	
-0.373283	0.353314	0.0527606	0.856181	
-0.377949	0.35044	0.0634511	0.854588	
-0.382667	0.34768	0.0751123	0.852668	
-0.386963	0.343705	0.0883089	0.851075	
-0.391434	0.339828	0.0989403	0.849416	
-0.39455	0.336864	0.112131	0.847514	
-0.397104	0.333805	0.124565	0.845793	
-0.394464	0.335802	0.136181	0.844446	
-0.398054	0.333706	0.141665	0.842689	
-0.389758	0.331527	0.150591	0.845873	
-0.384549	0.334451	0.158243	0.845709	
-0.375445	0.341337	0.16742	0.845282	
-0.374652	0.344026	0.170027	0.844022	
-0.373446	0.345479	0.171121	0.843742	
-0.376391	0.348197	0.169653	0.84161	
-0.380403	0.349998	0.166302	0.839725	
-0.37921	0.35271	0.165412	0.839306	
-0.379325	0.353117	0.162264	0.839697	
-0.377845	0.357099	0.15822	0.839452	
-0.380714	0.358155	0.153657	0.838553	
-0.382795	0.361452	0.150098	0.836834	
-0.380564	0.367069	0.143093	0.836634	
-0.381517	0.367202	0.138903	0.836847	
-0.385574	0.370294	0.134712	0.834307	
-0.391082	0.372201	0.129727	0.83168	
-0.394583	0.37596	0.126667	0.828803	
-0.397936	0.378367	0.123389	0.826595	
-0.401015	0.380566	0.120574	0.824511	
-0.405272	0.382545	0.117684	0.821927	
-0.403731	0.385182	0.113634	0.822024	
-0.407454	0.387739	0.112569	0.819126	
-0.406728	0.387871	0.113602	0.819282	
-0.406883	0.390223	0.116406	0.817693	
-0.409595	0.389957	0.117949	0.816243	
-0.410063	0.389014	0.121195	0.815983	
-0.410749	0.388016	0.12492	0.815551	
-0.412764	0.387137	0.128298	0.814427	
-0.413085	0.388793	0.133352	0.812661	
-0.41196	0.388757	0.137991	0.812475	
-0.409638	0.389447	0.143061	0.812442	
-0.407505	0.393751	0.149107	0.81035	
-0.403897	0.397371	0.155165	0.809251	
-0.402538	0.399919	0.15905	0.807918	
-0.399777	0.402497	0.162896	0.807242	
-0.396102	0.400675	0.164966	0.809536	
-0.392014	0.398335	0.166716	0.812318	
-0.389405	0.401305	0.169477	0.811539	
-0.389097	0.401679	0.170106	0.81137	
-0.388333	0.402545	0.171109	0.811096	
-0.387219	0.398303	0.170401	0.813867	
-0.386101	0.395717	0.170362	0.815666	
-0.385959	0.395192	0.170716	0.815913	
-0.384775	0.392801	0.17095	0.817577	
-0.382833	0.391915	0.172139	0.818663	
-0.382313	0.389436	0.172068	0.820103	
-0.382134	0.38879	0.172438	0.820415	
-0.382201	0.388585	0.172724	0.820421	
-0.383572	0.387958	0.172043	0.820221	
-0.382944	0.389855	0.172959	0.819422	
-0.382914	0.390315	0.172867	0.819236	
-0.38449	0.388253	0.170977	0.819874	
-0.382532	0.389477	0.17189	0.820019	
-0.384613	0.389451	0.170498	0.819348	
-0.383954	0.388662	0.168832	0.820376	
-0.382754	0.388823	0.169301	0.820764	
-0.382935	0.386419	0.168207	0.822038	
-0.381808	0.383749	0.167672	0.823921	
-0.378922	0.380043	0.167592	0.826981	
-0.378754	0.378034	0.166908	0.828117	
-0.37772	0.375699	0.166578	0.829717	
-0.374612	0.371117	0.166417	0.833212	
-0.373025	0.367929	0.16613	0.835393	
-0.370947	0.365242	0.165248	0.83767	
-0.369309	0.362083	0.165151	0.839781	
-0.367949	0.359873	0.163987	0.841554	
-0.366748	0.356355	0.163074	0.84375	
-0.365787	0.354602	0.161006	0.845301	
-0.364606	0.353894	0.159383	0.846415	
-0.363467	0.352219	0.158511	0.847766	
-0.362571	0.351796	0.156327	0.848731	
-0.361464	0.350362	0.155807	0.849891	
-0.36025	0.350396	0.156386	0.850286	
-0.359673	0.349698	0.154706	0.851125	
-0.359178	0.348272	0.153779	0.852086	
-0.360401	0.3472	0.152607	0.852218	
-0.359873	0.347252	0.151505	0.852616	
-0.35953	0.34703	0.149159	0.853264	
-0.359094	0.346734	0.147908	0.853786	
-0.358555	0.346562	0.147475	0.854157	
-0.357879	0.34564	0.147444	0.854819	
-0.357256	0.344456	0.146769	0.855673	
-0.356987	0.342005	0.145281	0.857022	
-0.356271	0.34021	0.146428	0.857839	
-0.35623	0.340657	0.143442	0.858183	
-0.356198	0.341051	0.140898	0.858461	
-0.355802	0.340591	0.140915	0.858805	
-0.355325	0.340399	0.140821	0.859094	
-0.354761	0.338215	0.141722	0.860041	
-0.354228	0.335064	0.142487	0.861367	
-0.353507	0.332849	0.143038	0.862429	
-0.353069	0.332181	0.142051	0.863029	
-0.35282	0.330566	0.141733	0.863803	
-0.352627	0.328861	0.142841	0.86435	
-0.352982	0.328418	0.141768	0.86455	
-0.353847	0.328426	0.138742	0.864685	
-0.354144	0.328914	0.138158	0.864471	
-0.353923	0.329775	0.139212	0.864065	
-0.354239	0.330663	0.137791	0.863823	
-0.354291	0.33104	0.137707	0.863671	
-0.353797	0.329994	0.140179	0.863876	
-0.353634	0.330284	0.140625	0.863759	
-0.35329	0.330149	0.141583	0.863795	
-0.353203	0.330773	0.140719	0.863733	
-0.352815	0.330697	0.141339	0.86382	
-0.35274	0.332053	0.14046	0.863474	
-0.352281	0.332657	0.140459	0.863429	
-0.351755	0.332905	0.14015	0.863598	
-0.35133	0.334458	0.138798	0.863389	
-0.35068	0.335697	0.138345	0.863245	
-0.350468	0.337528	0.135873	0.86301	
-0.349965	0.338654	0.135476	0.862835	
-0.34941	0.338889	0.135944	0.862894	
-0.349249	0.339633	0.134618	0.862875	
-0.348982	0.340688	0.134334	0.862611	
-0.348783	0.340406	0.134467	0.862782	
-0.3484	0.340804	0.135275	0.862653	
-0.348354	0.340408	0.135022	0.862868	
-0.348277	0.340001	0.135187	0.863034	
-0.348768	0.339307	0.133546	0.863364	
-0.348538	0.338333	0.135684	0.863506	
-0.34805	0.336048	0.139082	0.864054	
-0.348151	0.335697	0.139837	0.864028	
-0.347797	0.334084	0.142544	0.864353	
-0.347491	0.33325	0.144249	0.864515	
-0.347282	0.331873	0.145357	0.864943	
-0.347073	0.329496	0.145867	0.86585	
-0.346807	0.327778	0.146471	0.866506	
-0.346335	0.326059	0.147727	0.86713	
-0.346614	0.324131	0.146618	0.867929	
-0.346541	0.322215	0.147752	0.86848	
-0.346614	0.32036	0.149443	0.868847	
-0.346858	0.320156	0.150576	0.868629	
-0.347206	0.318738	0.152517	0.868673	
-0.347784	0.31675	0.154536	0.868812	
-0.348366	0.314892	0.157029	0.868807	
-0.348848	0.313457	0.159986	0.868593	
-0.349332	0.312428	0.162677	0.86827	
-0.349498	0.311809	0.165969	0.867802	
-0.349206	0.308937	0.172006	0.867771	
-0.349808	0.308213	0.172723	0.867644	
-0.34972	0.306795	0.175492	0.867626	
-0.350032	0.305033	0.175886	0.868042	
-0.350327	0.304835	0.174209	0.86833	
-0.351007	0.307015	0.16984	0.868153	
-0.351104	0.303962	0.170085	0.86914	
-0.351117	0.302878	0.168656	0.869792	
-0.350851	0.300754	0.167515	0.870855	
-0.350587	0.297455	0.165819	0.872418	
-0.350466	0.293782	0.161664	0.874489	
-0.349506	0.291553	0.158877	0.876128	
-0.348243	0.288849	0.157169	0.877833	
-0.346813	0.287243	0.155422	0.879236	
-0.345682	0.284923	0.152869	0.880883	
-0.344628	0.282044	0.150472	0.882633	
-0.343932	0.278681	0.14646	0.884645	
-0.342653	0.274861	0.144319	0.886686	
-0.341727	0.273139	0.139811	0.888296	
-0.339808	0.269448	0.138578	0.890351	
-0.337331	0.266906	0.137288	0.892256	
-0.333384	0.268574	0.137819	0.893157	
-0.32888	0.267803	0.137463	0.895111	
-0.324012	0.269989	0.139552	0.895906	
-0.320466	0.272524	0.141959	0.896036	
-0.319517	0.27394	0.143193	0.895746	
-0.319903	0.278304	0.141586	0.894518	
-0.321637	0.280401	0.139099	0.893631	
-0.323738	0.281147	0.136963	0.892968	
-0.325729	0.281614	0.134762	0.892431	
-0.32705	0.282932	0.132524	0.891866	




-0.0317367	0.0162268	-0.234979	0.971347	
-0.030977	0.0164198	-0.23411	0.971578	
-0.0298446	0.0161455	-0.232917	0.971904	
-0.028177	0.0166298	-0.230494	0.972524	
-0.026296	0.0177416	-0.227569	0.973245	
-0.0231433	0.0192287	-0.221968	0.97459	
-0.0209726	0.0199612	-0.218223	0.975469	
-0.0209407	0.0213848	-0.217824	0.975529	
-0.0221588	0.0261862	-0.217884	0.975372	
-0.0242385	0.0320605	-0.219023	0.974892	
-0.0283013	0.0390981	-0.223642	0.973475	
-0.0314256	0.0449931	-0.226898	0.972371	
-0.0351282	0.0499224	-0.230411	0.971177	
-0.0399069	0.0572757	-0.234025	0.969721	
-0.0447805	0.0655387	-0.236064	0.96849	
-0.0475541	0.0734265	-0.233726	0.968359	
-0.0492091	0.0816075	-0.226035	0.969447	
-0.0507995	0.0889496	-0.213643	0.971527	
-0.0533377	0.0980707	-0.201045	0.9732	
-0.0524808	0.109772	-0.186037	0.97498	
-0.0504602	0.122876	-0.169705	0.976502	
-0.0557663	0.133787	-0.1556	0.977128	
-0.0642104	0.145073	-0.147064	0.976321	
-0.0717311	0.15722	-0.143262	0.974481	
-0.0791033	0.169228	-0.142327	0.972033	
-0.0860895	0.176776	-0.140898	0.970302	
-0.0963306	0.183418	-0.149233	0.966855	
-0.103646	0.192396	-0.14586	0.964866	
-0.110653	0.204597	-0.139564	0.962506	
-0.120186	0.21835	-0.139271	0.958375	
-0.131639	0.237727	-0.13481	0.952882	
-0.15037	0.255408	-0.146016	0.94384	
-0.172156	0.272043	-0.150394	0.934739	
-0.193232	0.284716	-0.148412	0.927131	
-0.214015	0.289088	-0.147728	0.921305	
-0.232806	0.289553	-0.134751	0.918587	
-0.246561	0.287162	-0.122357	0.917483	
-0.248097	0.29291	-0.0981566	0.91816	
-0.239166	0.303135	-0.0642013	0.920211	
-0.226399	0.315949	-0.034189	0.920734	
-0.219005	0.316303	0.0133113	0.922937	
-0.216389	0.3129	0.0526209	0.923309	
-0.221427	0.307463	0.0706649	0.922736	
-0.230125	0.303725	0.0688489	0.921983	
-0.236651	0.303112	0.0680398	0.920592	
-0.242628	0.304061	0.0674288	0.918767	
-0.248678	0.305943	0.0668479	0.916564	
-0.255244	0.307988	0.0664945	0.914096	
-0.264453	0.317239	0.0568539	0.908951	
-0.273632	0.326539	0.0480087	0.903434	
-0.28194	0.334923	0.0429894	0.898047	
-0.290382	0.345384	0.0368485	0.891645	
-0.299035	0.354052	0.0295221	0.885638	
-0.30351	0.356357	0.0312897	0.883127	
-0.313469	0.361558	0.0241775	0.87774	
-0.32083	0.361281	0.0267205	0.875117	
-0.326079	0.363118	0.0287494	0.872348	
-0.328151	0.36168	0.0338997	0.871983	
-0.329912	0.360207	0.0397344	0.871682	
-0.333043	0.358288	0.0448553	0.871034	
-0.337522	0.345214	0.0684127	0.873056	
-0.340038	0.341579	0.0739329	0.873059	
-0.341883	0.337656	0.0782986	0.873484	
-0.342353	0.332262	0.0865573	0.874588	
-0.341959	0.32575	0.0974413	0.876046	
-0.340881	0.321717	0.109228	0.876566	
-0.339074	0.317662	0.124677	0.876684	
-0.337834	0.315814	0.136912	0.876005	
-0.336551	0.316435	0.149288	0.874251	
-0.335445	0.317878	0.161901	0.871905	
-0.334193	0.320162	0.174708	0.869073	
-0.332953	0.322766	0.18706	0.866009	
-0.33204	0.324443	0.198371	0.863212	
-0.331079	0.325476	0.208555	0.860789	
-0.330144	0.326282	0.216631	0.858846	
-0.329566	0.326047	0.221109	0.858015	
-0.328643	0.324147	0.224723	0.858151	
-0.327823	0.321474	0.225764	0.859195	
-0.328215	0.317819	0.220749	0.861705	
-0.328031	0.31384	0.217175	0.864139	
-0.328076	0.309369	0.212578	0.866872	
-0.328238	0.305965	0.207987	0.86913	
-0.330668	0.305583	0.199527	0.870326	
-0.334987	0.305581	0.190209	0.870761	
-0.339129	0.304499	0.18428	0.870812	
-0.343766	0.305318	0.17618	0.870383	
-0.348088	0.304914	0.169589	0.870116	
-0.351362	0.305272	0.165833	0.869398	
-0.355248	0.305105	0.15874	0.869201	
-0.358987	0.307129	0.151531	0.868239	
-0.362477	0.310063	0.145847	0.866718	
-0.365832	0.314225	0.141831	0.864473	
-0.370025	0.318509	0.13466	0.862264	
-0.375049	0.326281	0.126081	0.858477	
-0.38359	0.336685	0.107093	0.853249	
-0.394579	0.338783	0.100423	0.848203	
-0.404514	0.338465	0.10363	0.84325	
-0.413059	0.343688	0.0957369	0.837911	
-0.41913	0.347159	0.0908841	0.833997	
-0.42396	0.349452	0.0900756	0.830679	
-0.429929	0.348421	0.0894098	0.828112	
-0.434044	0.348488	0.0892522	0.825952	
-0.440366	0.349736	0.0910218	0.821874	
-0.444368	0.350557	0.0931344	0.81913	
-0.447696	0.354288	0.0987361	0.815046	
-0.450311	0.352919	0.102715	0.813706	
-0.448162	0.351428	0.109231	0.814689	
-0.451061	0.349533	0.113631	0.813301	
-0.448713	0.349819	0.120907	0.813428	
-0.450372	0.346932	0.12528	0.813086	
-0.449664	0.346004	0.129513	0.81321	
-0.44697	0.346945	0.134331	0.813512	
-0.44579	0.343898	0.137096	0.814991	
-0.444289	0.342183	0.134159	0.817019	
-0.448968	0.340749	0.131301	0.815523	
-0.446696	0.339062	0.129225	0.817802	
-0.445457	0.330574	0.124278	0.822705	
-0.444174	0.32923	0.120541	0.824492	
-0.443587	0.327291	0.115391	0.826315	
-0.443853	0.327849	0.107683	0.826991	
-0.445176	0.328055	0.0998672	0.827179	
-0.447478	0.324772	0.0965542	0.827626	
-0.450291	0.324137	0.0917048	0.8269	
-0.453292	0.324297	0.0869221	0.825713	
-0.456355	0.323242	0.083669	0.824775	
-0.454754	0.317515	0.0733216	0.828859	
-0.454312	0.31784	0.064986	0.829671	
-0.453454	0.319133	0.0570989	0.830225	
-0.44816	0.324266	0.0533239	0.831361	
-0.4455	0.329013	0.0490938	0.831186	
-0.445833	0.335956	0.0455543	0.828427	
-0.444326	0.340457	0.0423847	0.827567	
-0.443996	0.34225	0.0386481	0.827187	
-0.444562	0.351939	0.0382289	0.822826	
-0.443174	0.358809	0.037738	0.820627	
-0.446456	0.366502	0.0359208	0.815514	
-0.448737	0.374371	0.0350323	0.810712	
-0.451109	0.3813	0.0340317	0.806196	
-0.449365	0.37339	0.0279852	0.811091	
-0.448295	0.379437	0.023495	0.809017	
-0.447794	0.38502	0.0201992	0.806742	
-0.45801	0.400157	0.0223223	0.793475	
-0.466431	0.4104	0.0242263	0.783216	
-0.47179	0.41787	0.0276384	0.775909	
-0.477265	0.42378	0.0310464	0.769197	
-0.475338	0.429865	0.0290505	0.767089	
-0.473706	0.434783	0.0280943	0.765361	
-0.479181	0.426232	0.0242623	0.766892	
-0.481519	0.416089	0.0211647	0.771078	
-0.486011	0.409368	0.0186412	0.771922	
-0.487726	0.394614	0.0121374	0.778624	
-0.487331	0.379244	0.00560634	0.786544	
-0.490388	0.38359	0.00819584	0.782503	
-0.494766	0.387813	0.00944702	0.777636	
-0.48982	0.363502	-0.00263262	0.792424	
-0.498829	0.353265	0.00954799	0.79138	
-0.491825	0.333154	-0.000156881	0.804436	
-0.486238	0.320641	-0.00620855	0.812849	
-0.497444	0.305518	0.0148445	0.811781	
-0.488491	0.294915	0.0121368	0.82113	
-0.480353	0.291352	0.0134801	0.82716	
-0.472352	0.290105	0.0162688	0.832141	
-0.477215	0.277531	0.0299827	0.833273	
-0.479829	0.265136	0.0409547	0.835338	
-0.472975	0.26613	0.0436796	0.838786	
-0.467782	0.267096	0.0446985	0.841333	
-0.463545	0.269601	0.0445078	0.842888	
-0.461258	0.271795	0.0416819	0.843582	
-0.454464	0.264809	0.0341158	0.849809	
-0.447102	0.25865	0.0249659	0.855907	
-0.43955	0.2537	0.0143874	0.861525	
-0.438925	0.253919	0.00789612	0.861863	
-0.431539	0.251742	-0.0039307	0.866247	
-0.430773	0.255078	-0.0112389	0.865589	
-0.429639	0.25898	-0.0192617	0.864852	
-0.429336	0.263537	-0.0272374	0.86341	
-0.426588	0.266502	-0.0367772	0.863508	
-0.428946	0.273484	-0.0422361	0.8599	
-0.431701	0.290573	-0.0540156	0.852223	
-0.434258	0.308201	-0.0618439	0.844161	
-0.44911	0.335015	-0.0617463	0.825986	
-0.463152	0.35589	-0.0626802	0.809261	
-0.473054	0.370956	-0.0631913	0.796629	
-0.47236	0.380601	-0.0683983	0.792048	
-0.479934	0.388123	-0.0690042	0.783749	
-0.479988	0.394884	-0.0718794	0.780072	
-0.483678	0.392249	-0.0742535	0.778898	
-0.482385	0.396137	-0.0788194	0.777282	
-0.481185	0.397072	-0.0809326	0.777332	
-0.48016	0.395333	-0.0824035	0.778696	
-0.479686	0.391712	-0.0836639	0.780681	
-0.480063	0.38467	-0.0825785	0.78406	
-0.481229	0.374658	-0.0765224	0.788793	
-0.482901	0.364164	-0.0691361	0.793355	
-0.484771	0.353691	-0.0626119	0.797483	
-0.486299	0.342576	-0.0564389	0.801854	
-0.4873	0.331504	-0.048523	0.806405	
-0.48729	0.318544	-0.0377021	0.812193	
-0.486735	0.305985	-0.0275417	0.817743	
-0.485992	0.295422	-0.0222075	0.822219	
-0.485203	0.287669	-0.0185309	0.825519	
-0.483413	0.277172	-0.0113845	0.830276	
-0.481301	0.269558	-0.00442648	0.834068	
-0.479938	0.262407	-0.00278981	0.837135	
-0.478488	0.259736	-0.000189498	0.838801	
-0.476272	0.25657	0.00282037	0.841028	
-0.472557	0.254075	0.00201099	0.843879	
-0.469418	0.252631	0.00136863	0.846063	
-0.467513	0.252646	0.00110954	0.847113	
-0.466242	0.253355	0.000570399	0.847602	
-0.467102	0.259089	-0.00264468	0.845388	
-0.468692	0.266305	-0.00817351	0.842225	
-0.47018	0.27133	-0.014204	0.839708	
-0.470635	0.271779	-0.0173033	0.839249	
-0.471272	0.272142	-0.0215183	0.838677	
-0.471966	0.274564	-0.0256988	0.837378	
-0.471898	0.274824	-0.0285934	0.837237	
-0.471465	0.27555	-0.0294025	0.837215	
-0.471321	0.276661	-0.0305511	0.836888	
-0.471276	0.276261	-0.031298	0.837018	
-0.471507	0.276012	-0.0324455	0.836926	
-0.471648	0.275435	-0.0324461	0.837037	
-0.471735	0.273708	-0.0330085	0.837532	
-0.47217	0.275178	-0.0357673	0.836692	
-0.471935	0.276562	-0.0364795	0.836337	
-0.472172	0.279821	-0.0412506	0.834896	
-0.471787	0.283173	-0.0423631	0.833928	
-0.470844	0.28371	-0.0421398	0.834289	
-0.469797	0.285128	-0.0394808	0.834526	
-0.469597	0.287136	-0.0371747	0.834056	
-0.469354	0.289863	-0.0383193	0.833197	
-0.468794	0.291104	-0.0369847	0.83314	
-0.470707	0.299711	-0.0415848	0.828782	
-0.471134	0.301261	-0.0446642	0.827816	
-0.471211	0.302268	-0.0449219	0.827391	
-0.471689	0.303918	-0.0461196	0.826448	
-0.472076	0.304429	-0.047261	0.825974	
-0.473109	0.307601	-0.0493431	0.824084	
-0.473486	0.308187	-0.0500494	0.823606	
-0.47456	0.311145	-0.0536117	0.821649	
-0.4738	0.313352	-0.0519759	0.821354	
-0.473867	0.312672	-0.0530534	0.821506	
-0.473948	0.31163	-0.0532597	0.821842	
-0.474049	0.310625	-0.0543034	0.822095	
-0.474201	0.310466	-0.0551258	0.822013	
-0.473902	0.308716	-0.0544167	0.822891	
-0.473652	0.307121	-0.0543293	0.823638	
-0.473473	0.306107	-0.0543698	0.824115	
-0.473702	0.307338	-0.0552726	0.823465	
-0.473553	0.306802	-0.0554832	0.823736	
-0.473337	0.305332	-0.055494	0.824406	
-0.472358	0.30417	-0.0504017	0.825723	
-0.472323	0.304066	-0.0512818	0.825727	
-0.472434	0.304927	-0.0524901	0.82527	
-0.472584	0.304772	-0.05495	0.825081	
-0.472935	0.305102	-0.0571913	0.824605	
-0.473425	0.306548	-0.0565939	0.823829	
-0.473646	0.307199	-0.0573475	0.823408	
-0.473762	0.307379	-0.0575474	0.82326	
-0.473823	0.307129	-0.0580679	0.823281	
-0.474175	0.30817	-0.0598342	0.822563	
-0.474393	0.307708	-0.0608652	0.822534	
-0.474958	0.307011	-0.0593431	0.82258	
-0.474812	0.306204	-0.0580858	0.823054	
-0.474756	0.306101	-0.0576	0.82316	
-0.474539	0.306307	-0.0566212	0.823276	
-0.474166	0.306502	-0.0545511	0.823558	
-0.473796	0.306177	-0.0525276	0.824023	
-0.473	0.304505	-0.0491837	0.825305	
-0.472815	0.304469	-0.0491613	0.825425	
-0.47262	0.303835	-0.0491102	0.825774	
-0.472163	0.303403	-0.0472922	0.8263	
-0.47194	0.303784	-0.0463105	0.826343	
-0.472011	0.304071	-0.0474044	0.826135	
-0.47156	0.303437	-0.0458304	0.826715	
-0.471117	0.303239	-0.0442974	0.827123	
-0.471118	0.304085	-0.0460809	0.826714	
-0.470973	0.304716	-0.0468206	0.826523	
-0.470867	0.305071	-0.0473814	0.826421	
-0.470958	0.305474	-0.0470212	0.826241	
-0.470727	0.303365	-0.0460395	0.827203	
-0.470367	0.301259	-0.0438674	0.828295	
-0.470285	0.300269	-0.0437512	0.828707	
-0.469905	0.298697	-0.0426587	0.829548	
-0.47011	0.29961	-0.043363	0.829066	
-0.470589	0.301008	-0.0452112	0.828189	
-0.47063	0.299985	-0.0457522	0.828506	
-0.470353	0.299027	-0.0436762	0.829122	
-0.471001	0.298378	-0.0426849	0.82904	
-0.471485	0.299966	-0.0443877	0.828102	
-0.471637	0.300481	-0.0457137	0.827756	
-0.472011	0.300656	-0.0442731	0.827558	
-0.472658	0.301543	-0.047557	0.826683	
-0.472998	0.30152	-0.0489494	0.826416	
-0.473638	0.302209	-0.0517781	0.825625	
-0.473368	0.300354	-0.0492112	0.826613	
-0.473614	0.299471	-0.0487432	0.82682	
-0.473906	0.298749	-0.0504631	0.826811	
-0.473764	0.298936	-0.0504974	0.826822	
-0.473866	0.299293	-0.0518079	0.826553	
-0.473656	0.299486	-0.0519229	0.826597	
-0.473505	0.299419	-0.0516207	0.826726	
-0.473343	0.299229	-0.0506769	0.826946	
-0.473184	0.298683	-0.0507839	0.827228	
-0.473781	0.298196	-0.0508472	0.827058	
-0.473892	0.299369	-0.0517282	0.826516	
-0.473842	0.299317	-0.052447	0.826518	
-0.473416	0.297993	-0.0514001	0.827306	
-0.473561	0.298498	-0.0528518	0.826949	
-0.474108	0.300349	-0.0553208	0.825804	
-0.473973	0.300118	-0.0550236	0.825985	
-0.474364	0.299653	-0.0531163	0.826054	
-0.474546	0.300332	-0.0537774	0.82566	
-0.474428	0.300053	-0.0528901	0.825886	
-0.47523	0.300262	-0.0540884	0.825272	
-0.475247	0.300479	-0.0550467	0.82512	
-0.474956	0.299784	-0.0545324	0.825574	
-0.474505	0.298098	-0.0533175	0.826523	
-0.474404	0.297715	-0.0529837	0.82674	
-0.474764	0.298264	-0.0549401	0.826208	
-0.474589	0.297344	-0.0549261	0.826641	
-0.474517	0.297386	-0.0542409	0.826712	
-0.474666	0.297878	-0.054667	0.826422	
-0.474682	0.298004	-0.0547699	0.82636	
-0.474709	0.298185	-0.0541351	0.826321	
-0.475499	0.301759	-0.0553807	0.824485	
-0.475427	0.30087	-0.0560531	0.824806	
-0.475785	0.300083	-0.0547654	0.824972	
-0.475293	0.299106	-0.0541457	0.825651	
-0.474777	0.298048	-0.0524637	0.826439	
-0.474591	0.298043	-0.0526485	0.826536	
-0.474526	0.29864	-0.053092	0.826329	
-0.475197	0.302252	-0.0552705	0.824486	
-0.47451	0.302041	-0.0536315	0.825067	
-0.474402	0.302855	-0.0536269	0.824831	
-0.474424	0.304082	-0.0539364	0.824346	
-0.471964	0.30357	-0.053215	0.825992	
-0.47194	0.303283	-0.0529583	0.826128	
-0.472209	0.303894	-0.0539473	0.825686	
-0.472302	0.304034	-0.0542001	0.825564	
-0.472577	0.30461	-0.0557332	0.825092	
-0.472693	0.305216	-0.0556909	0.824805	
-0.472892	0.305545	-0.0563303	0.824526	
-0.472953	0.30606	-0.0566851	0.824275	
-0.472784	0.30499	-0.055399	0.824856	
-0.472795	0.305807	-0.0548	0.824587	
-0.472422	0.305519	-0.0528498	0.825035	
-0.472516	0.305075	-0.0544243	0.825043	
-0.472369	0.304519	-0.0539949	0.825361	
-0.472562	0.304604	-0.0544209	0.825191	
-0.472197	0.303642	-0.0522226	0.825896	
-0.472421	0.304249	-0.0525435	0.825524	




-0.235702	0.279873	-0.392948	0.843628	
-0.241195	0.288103	-0.387022	0.842043	
-0.246821	0.298177	-0.377867	0.841063	
-0.257667	0.312942	-0.364094	0.838517	
-0.275789	0.327552	-0.351225	0.832641	
-0.296881	0.340945	-0.338302	0.82533	
-0.313276	0.35451	-0.30628	0.826059	
-0.331844	0.373016	-0.295589	0.814473	
-0.348897	0.382578	-0.270018	0.811786	
-0.36728	0.391204	-0.243717	0.807878	
-0.372082	0.404287	-0.175687	0.816849	
-0.359578	0.414732	-0.0951774	0.830447	
-0.332026	0.425699	-0.0288812	0.841252	
-0.2926	0.459493	-0.0232641	0.838278	
-0.25641	0.466111	0.0175505	0.846573	
-0.241898	0.456838	0.0632583	0.853688	
-0.24065	0.453801	0.0666338	0.855402	
-0.245746	0.447064	0.0602418	0.857971	
-0.25524	0.441721	0.0434743	0.858979	
-0.269327	0.433725	0.0246705	0.859498	
-0.286951	0.430114	0.00110457	0.855955	
-0.307168	0.424055	-0.028248	0.851485	
-0.329678	0.418588	-0.0579007	0.844242	
-0.349252	0.411709	-0.0860826	0.837322	
-0.365209	0.407436	-0.116004	0.828952	
-0.378129	0.402909	-0.142867	0.821141	
-0.388553	0.400013	-0.158667	0.814764	
-0.396408	0.399209	-0.170182	0.809031	
-0.39809	0.394767	-0.17389	0.809596	
-0.397943	0.391689	-0.1716	0.81165	
-0.395486	0.391026	-0.164822	0.814569	
-0.391759	0.393237	-0.155135	0.817204	
-0.388133	0.397251	-0.143628	0.819094	
-0.386565	0.402545	-0.130874	0.819388	
-0.386515	0.408592	-0.12214	0.817766	
-0.387683	0.412226	-0.11395	0.81657	
-0.390061	0.414869	-0.109475	0.814709	
-0.398169	0.405429	-0.104934	0.816135	
-0.401321	0.406667	-0.101335	0.814429	
-0.405813	0.406844	-0.0955911	0.812807	
-0.411257	0.406263	-0.0856783	0.811466	
-0.420364	0.403227	-0.0743997	0.809424	
-0.428561	0.401636	-0.0613473	0.807007	
-0.432207	0.401444	-0.05019	0.805929	
-0.437599	0.402908	-0.0345044	0.803108	
-0.437686	0.399912	-0.0194655	0.80506	
-0.438947	0.399373	-0.00477241	0.804863	
-0.439294	0.398825	0.00893252	0.804909	
-0.437911	0.390905	0.0172929	0.8094	
-0.438411	0.386776	0.0240633	0.810938	
-0.439476	0.382447	0.0343426	0.812044	
-0.439062	0.382552	0.0389851	0.812009	
-0.427757	0.377747	0.0462707	0.819872	
-0.424013	0.371555	0.0492097	0.824462	
-0.419064	0.367724	0.0535466	0.82843	
-0.416923	0.368434	0.0582981	0.828875	
-0.417598	0.365846	0.0600501	0.829556	
-0.414903	0.364116	0.0632149	0.831432	
-0.414925	0.367279	0.0667971	0.829748	
-0.414899	0.369575	0.0694163	0.828526	
-0.415174	0.370116	0.0705793	0.828048	
-0.41482	0.370424	0.0715977	0.828	
-0.41534	0.37248	0.0729437	0.826698	
-0.413986	0.371993	0.0740339	0.8275	
-0.413839	0.37282	0.0751939	0.827096	
-0.41581	0.37255	0.0749929	0.826247	
-0.417773	0.372911	0.0750423	0.825089	
-0.420134	0.371345	0.0741321	0.824679	
-0.420172	0.369563	0.0742528	0.825448	
-0.423384	0.370393	0.0743312	0.823426	
-0.424693	0.371328	0.0754765	0.822226	
-0.4247	0.370187	0.076536	0.822638	
-0.424859	0.367147	0.0770043	0.823874	
-0.423131	0.367269	0.0800317	0.82442	
-0.420844	0.36956	0.0846145	0.824109	
-0.419684	0.369212	0.0880048	0.824502	
-0.419458	0.368365	0.0913065	0.824636	
-0.417812	0.36501	0.094872	0.826559	
-0.417032	0.359724	0.0978137	0.828924	
-0.415157	0.356855	0.102482	0.83054	
-0.414322	0.355783	0.107679	0.830759	
-0.413725	0.35271	0.112211	0.831767	
-0.413781	0.345936	0.114991	0.8342	
-0.414796	0.340986	0.117919	0.835325	
-0.412227	0.335777	0.122005	0.838115	
-0.414157	0.331281	0.124551	0.838579	
-0.417929	0.324617	0.125476	0.839175	
-0.418122	0.321443	0.129035	0.839761	
-0.415961	0.318475	0.133489	0.841267	
-0.415249	0.313982	0.136735	0.842785	
-0.414582	0.312841	0.141177	0.842805	
-0.413463	0.30706	0.143785	0.845037	
-0.413659	0.303159	0.146314	0.845915	
-0.41811	0.303668	0.148691	0.843125	
-0.41574	0.301153	0.152052	0.844599	
-0.415535	0.300026	0.154973	0.84457	
-0.414299	0.295627	0.156891	0.846373	
-0.41365	0.29116	0.158295	0.847975	
-0.41246	0.288821	0.160287	0.84898	
-0.411876	0.288407	0.162223	0.849037	
-0.411099	0.28753	0.163175	0.849528	
-0.41207	0.282686	0.161026	0.851092	
-0.414599	0.281251	0.15865	0.850785	
-0.415563	0.280913	0.156665	0.850795	
-0.414876	0.282278	0.155727	0.85085	
-0.40929	0.281625	0.155594	0.853791	
-0.408857	0.280841	0.153476	0.85464	
-0.407689	0.278297	0.150318	0.856589	
-0.405601	0.276467	0.146867	0.858769	
-0.405679	0.274319	0.146215	0.859532	
-0.403828	0.278033	0.143953	0.859592	
-0.404171	0.282219	0.141368	0.858495	
-0.407304	0.288176	0.138834	0.855443	
-0.407179	0.288088	0.135685	0.856037	
-0.409661	0.294667	0.134919	0.852728	
-0.411461	0.297235	0.133606	0.851176	
-0.413761	0.300247	0.132907	0.849111	
-0.414849	0.300556	0.131959	0.848619	
-0.419233	0.303109	0.130836	0.845725	
-0.420271	0.30049	0.12886	0.846448	
-0.423236	0.301607	0.127531	0.844772	
-0.425292	0.301893	0.125863	0.843887	
-0.425305	0.299249	0.123169	0.845219	
-0.427803	0.293714	0.117514	0.846704	
-0.43084	0.290804	0.111463	0.846986	
-0.431621	0.290369	0.105614	0.847488	
-0.43364	0.291974	0.0986479	0.846745	
-0.433962	0.291189	0.089795	0.847834	
-0.431063	0.289024	0.0802154	0.851009	
-0.428275	0.292613	0.0721876	0.851908	
-0.426912	0.295907	0.063086	0.852177	
-0.422007	0.295471	0.0532228	0.855438	
-0.424072	0.298425	0.0426598	0.853982	
-0.420623	0.304563	0.0357837	0.853837	
-0.419198	0.305294	0.0276688	0.854578	
-0.418105	0.306038	0.0212832	0.85503	
-0.417409	0.30675	0.0165643	0.855219	
-0.424973	0.313747	0.0130006	0.848995	
-0.428501	0.316206	0.00898048	0.846357	
-0.43261	0.322229	0.00593598	0.84201	
-0.433205	0.324301	0.00143151	0.840928	
-0.432261	0.329143	-0.00252281	0.839529	
-0.432565	0.3293	-0.00560531	0.839296	
-0.428606	0.324265	-0.0169453	0.843126	
-0.42644	0.319565	-0.0312525	0.845606	
-0.418968	0.314764	-0.0463138	0.850438	
-0.409933	0.315464	-0.060361	0.853695	
-0.410329	0.315442	-0.0693386	0.85283	
-0.408238	0.315677	-0.0791898	0.852888	
-0.404106	0.318235	-0.0920764	0.852612	
-0.399127	0.322148	-0.110824	0.851256	
-0.393673	0.323095	-0.124831	0.851498	
-0.387743	0.32449	-0.14054	0.85124	
-0.381702	0.326812	-0.158392	0.849947	
-0.375654	0.330439	-0.173303	0.848328	
-0.369092	0.335364	-0.186862	0.846395	
-0.361917	0.342089	-0.194861	0.844998	
-0.353384	0.343729	-0.19327	0.848303	
-0.346265	0.343858	-0.189158	0.852104	
-0.343159	0.343318	-0.183553	0.8548	
-0.345448	0.343934	-0.175487	0.855324	
-0.350958	0.346278	-0.163292	0.85455	
-0.355391	0.3492	-0.146635	0.854549	
-0.360842	0.352893	-0.125822	0.854065	
-0.368297	0.356825	-0.102919	0.852315	
-0.387106	0.373862	-0.078733	0.839153	
-0.400721	0.382897	-0.0552085	0.830521	
-0.411947	0.389163	-0.0330921	0.82326	
-0.423762	0.388936	-0.0171633	0.817839	
-0.430361	0.399765	0.0019537	0.809304	
-0.43488	0.412132	0.0178816	0.800442	
-0.437657	0.424925	0.0301266	0.791825	
-0.438824	0.437254	0.0382868	0.784077	
-0.438942	0.448603	0.0418694	0.777388	
-0.438975	0.458461	0.0405094	0.77167	
-0.439863	0.466567	0.0342713	0.76659	
-0.441295	0.472767	0.0240203	0.762347	
-0.442626	0.476382	0.0106726	0.759624	
-0.443228	0.47702	-0.00529792	0.758928	
-0.442318	0.474553	-0.0231005	0.760671	
-0.420419	0.433263	-0.0516411	0.795528	
-0.407246	0.404718	-0.0769382	0.815129	
-0.394651	0.383501	-0.0967073	0.829352	
-0.388502	0.368313	-0.11348	0.836979	
-0.39069	0.350656	-0.131668	0.840872	
-0.379667	0.332373	-0.143832	0.851289	
-0.37312	0.321167	-0.151454	0.857143	
-0.372949	0.308188	-0.162762	0.859906	
-0.378583	0.296863	-0.174831	0.859059	
-0.385063	0.291803	-0.182115	0.856395	
-0.387026	0.287535	-0.185362	0.856257	
-0.388586	0.29519	-0.178422	0.854418	
-0.387978	0.303883	-0.165782	0.854193	
-0.390847	0.323231	-0.156872	0.847438	
-0.402921	0.353318	-0.138344	0.832876	
-0.409645	0.363464	-0.123537	0.827541	
-0.41399	0.369688	-0.106245	0.825018	
-0.421651	0.374729	-0.0889193	0.820903	
-0.431287	0.380046	-0.070986	0.81518	
-0.440678	0.386262	-0.0518857	0.808648	
-0.452095	0.381982	-0.0396523	0.805064	
-0.459958	0.378153	-0.0263209	0.802961	
-0.463904	0.377566	-0.0106839	0.801326	
-0.46558	0.375726	0.00397778	0.80128	
-0.472227	0.382424	0.0192242	0.793967	
-0.478206	0.38803	0.032253	0.787218	
-0.483268	0.392467	0.0429071	0.781396	
-0.48683	0.395494	0.051688	0.777116	
-0.488729	0.397115	0.0587466	0.774592	
-0.489189	0.397369	0.0635377	0.773793	
-0.488919	0.396213	0.0661001	0.774341	
-0.488117	0.393797	0.0670217	0.775998	
-0.467917	0.373481	0.0678155	0.798102	
-0.455786	0.357401	0.0660287	0.812504	
-0.447415	0.348319	0.0656874	0.821084	
-0.442185	0.34379	0.0661063	0.825779	
-0.43954	0.34128	0.0664379	0.828202	
-0.437282	0.340407	0.0673403	0.829682	
-0.433045	0.332721	0.0660348	0.83511	
-0.433258	0.339059	0.0693093	0.832179	
-0.428643	0.331854	0.0687034	0.837507	
-0.42401	0.325157	0.0684917	0.842495	
-0.419651	0.319125	0.0685194	0.846969	
-0.415747	0.31407	0.0688427	0.85075	
-0.423976	0.322609	0.070207	0.84335	
-0.431001	0.329065	0.0707098	0.83723	
-0.442433	0.339674	0.0707687	0.826962	
-0.446603	0.345134	0.0709518	0.822432	
-0.449778	0.348821	0.0703202	0.819194	
-0.4557	0.351839	0.06789	0.814824	
-0.457405	0.355405	0.0676281	0.812339	
-0.456556	0.358527	0.0685877	0.811363	
-0.454867	0.360915	0.070103	0.811124	
-0.454079	0.36159	0.0711009	0.811178	
-0.45222	0.360884	0.0727521	0.812384	
-0.450857	0.358135	0.0739604	0.814246	
-0.451189	0.355807	0.07519	0.81497	
-0.449689	0.349083	0.0757022	0.818651	
-0.448145	0.34429	0.0774906	0.821356	
-0.448473	0.339244	0.0788114	0.823149	
-0.446911	0.333963	0.0809579	0.825945	
-0.447771	0.329028	0.0821619	0.82734	
-0.449636	0.324865	0.0828965	0.8279	
-0.449819	0.320867	0.0836602	0.829282	
-0.451687	0.318251	0.0836667	0.829274	
-0.450853	0.314483	0.0833208	0.831197	
-0.450037	0.312507	0.082756	0.832441	
-0.446667	0.308819	0.0812358	0.835775	
-0.44381	0.307668	0.0797908	0.837858	
-0.444489	0.307155	0.0771228	0.837936	
-0.441578	0.30383	0.0745194	0.840918	
-0.437209	0.300303	0.0726893	0.84462	
-0.435498	0.299796	0.071992	0.845743	
-0.432755	0.298682	0.0723375	0.847514	
-0.429557	0.301102	0.075275	0.848029	
-0.428642	0.297188	0.075783	0.849825	
-0.429227	0.301827	0.0796909	0.847534	
-0.429013	0.308909	0.0849883	0.844571	
-0.428418	0.311085	0.0883365	0.84373	
-0.426785	0.309949	0.0912091	0.84467	
-0.432468	0.310421	0.0907734	0.841647	
-0.436467	0.313315	0.0915827	0.838417	
-0.43819	0.316609	0.0931631	0.836104	
-0.438642	0.319983	0.0949552	0.834378	
-0.44131	0.3213	0.0945822	0.832506	
-0.44387	0.322363	0.0938195	0.830818	
-0.450023	0.325647	0.092434	0.826371	
-0.447872	0.322906	0.0915167	0.828714	
-0.445856	0.320963	0.0910813	0.830602	
-0.444339	0.317424	0.0900046	0.832889	
-0.445816	0.316704	0.0893813	0.832441	
-0.444239	0.316098	0.0901532	0.83343	
-0.442194	0.312543	0.0900573	0.835866	
-0.440469	0.30968	0.0904393	0.837798	
-0.437519	0.307176	0.0916229	0.840134	
-0.435154	0.305436	0.0930484	0.841839	
-0.432315	0.302323	0.0941338	0.8443	
-0.427907	0.298782	0.0955995	0.847636	
-0.427489	0.293116	0.0949674	0.849893	
-0.426395	0.2909	0.0958479	0.851104	
-0.422898	0.289584	0.0978142	0.853071	
-0.422177	0.285398	0.0977398	0.854846	
-0.422631	0.286437	0.099074	0.85412	
-0.421271	0.285303	0.0999055	0.855074	
-0.421496	0.281343	0.10442	0.855736	
-0.419184	0.278996	0.104965	0.857571	
-0.41965	0.278342	0.105209	0.857526	
-0.420185	0.280983	0.106655	0.856223	
-0.421396	0.282335	0.107385	0.855091	
-0.420499	0.280914	0.107682	0.855963	
-0.418018	0.281401	0.109102	0.856838	
-0.417507	0.281277	0.109468	0.857081	
-0.419016	0.28286	0.109606	0.855805	
-0.419297	0.28066	0.108481	0.856535	
-0.420194	0.27997	0.107563	0.856437	
-0.421099	0.280254	0.106761	0.856	
-0.422228	0.279859	0.105442	0.855736	
-0.424095	0.279423	0.103886	0.855146	
-0.423085	0.276585	0.102514	0.856733	
-0.421882	0.277646	0.103109	0.856911	
-0.428786	0.277426	0.100891	0.853814	
-0.43055	0.27315	0.0982812	0.854609	
-0.431223	0.268734	0.0951893	0.856018	
-0.432518	0.265592	0.0915397	0.856744	
-0.432015	0.26254	0.0875465	0.858354	
-0.43345	0.260219	0.0825881	0.858828	
-0.433778	0.258154	0.0775738	0.859753	
-0.435676	0.255202	0.0717613	0.860179	
-0.434299	0.258404	0.0695489	0.860102	
-0.438327	0.259765	0.0655125	0.857963	
-0.438017	0.261842	0.0631476	0.857666	
-0.436643	0.266508	0.0625372	0.856974	
-0.435344	0.269455	0.0618013	0.856767	
-0.433904	0.276283	0.0633715	0.855207	
-0.431467	0.283177	0.0660486	0.853982	
-0.429428	0.289599	0.069279	0.852599	
-0.431605	0.300491	0.0738335	0.847332	
-0.434295	0.305537	0.0768116	0.843881	
-0.435907	0.313084	0.0821352	0.839772	
-0.434239	0.310872	0.0853997	0.841131	
-0.433491	0.308849	0.0888666	0.841903	
-0.440845	0.310637	0.0909123	0.837195	
-0.443708	0.312487	0.0945015	0.834592	
-0.443187	0.313533	0.0987259	0.833988	
-0.446978	0.306283	0.0974634	0.834807	
-0.452469	0.298695	0.0953618	0.83484	
-0.450942	0.287763	0.0938503	0.839664	
-0.452335	0.27714	0.0907911	0.842819	
-0.454499	0.266862	0.0865845	0.84541	
-0.456292	0.258794	0.0822975	0.847378	
-0.45408	0.25059	0.0780953	0.851421	
-0.452164	0.244236	0.0743191	0.854619	
-0.453409	0.24265	0.0718526	0.854622	
-0.452104	0.239836	0.0694435	0.856305	
-0.450441	0.236884	0.0670419	0.858192	
-0.447731	0.236458	0.0657794	0.859824	
-0.445658	0.237103	0.0644839	0.860821	
-0.445512	0.237384	0.062142	0.860992	
-0.442922	0.236671	0.0595334	0.862707	
-0.439167	0.235341	0.056761	0.865173	
-0.436079	0.233953	0.0537727	0.8673	
-0.436559	0.230665	0.049043	0.868219	
-0.435254	0.231653	0.0458787	0.868784	
-0.436194	0.230017	0.0402758	0.869025	
-0.432334	0.228832	0.0348121	0.8715	
-0.431142	0.224198	0.0357662	0.873254	
-0.431873	0.238862	0.0338111	0.869073	
-0.432357	0.240747	0.0301302	0.868447	
-0.431061	0.243832	0.0265892	0.868346	
-0.429327	0.249621	0.0250593	0.867606	
-0.427681	0.255542	0.021584	0.866788	
-0.434931	0.281392	0.0199834	0.855134	
-0.438771	0.302445	0.015451	0.846031	
-0.442397	0.30269	0.00133904	0.844193	
-0.447024	0.312394	-0.00728766	0.838168	
-0.45154	0.317873	-0.0150573	0.833571	
-0.452754	0.318299	-0.0207527	0.832627	
-0.458931	0.32313	-0.0229644	0.82731	
-0.464395	0.323706	-0.0242842	0.823991	
-0.463308	0.324432	-0.025253	0.824289	
-0.462379	0.322356	-0.0202354	0.825762	
-0.460907	0.319909	-0.0121886	0.827692	
-0.4566	0.323695	0.00304729	0.828691	
-0.452665	0.32461	0.0189379	0.83028	
-0.448685	0.322076	0.0344626	0.832923	
-0.446244	0.321496	0.0502719	0.833654	
-0.445546	0.311108	0.0592197	0.837373	
-0.441892	0.299476	0.065971	0.843026	
-0.443158	0.296502	0.0716887	0.842946	
-0.44585	0.290363	0.0721557	0.843624	
-0.448511	0.28574	0.0696315	0.844003	
-0.453944	0.285854	0.064832	0.841439	
-0.455925	0.296261	0.0623045	0.836947	
-0.457669	0.30757	0.0573203	0.832259	
-0.459134	0.318938	0.0501162	0.827625	
-0.460396	0.329785	0.0407368	0.823175	
-0.461242	0.339259	0.0292575	0.819331	
-0.461576	0.346655	0.0159028	0.81641	
-0.461274	0.351539	0.00129121	0.814644	
-0.460054	0.353635	-0.0135642	0.814315	
-0.442936	0.350992	-0.0226363	0.824682	
-0.435909	0.348643	-0.0332225	0.829052	
-0.429377	0.345027	-0.0417798	0.833574	
-0.423409	0.342639	-0.0474743	0.837299	
-0.417161	0.331568	-0.0537242	0.844484	
-0.411612	0.323996	-0.0542801	0.850092	
-0.407865	0.321998	-0.0478116	0.85304	
-0.404198	0.320546	-0.0394264	0.855757	
-0.402366	0.317383	-0.0331697	0.858061	
-0.412989	0.339489	-0.0217842	0.844815	
-0.417646	0.335379	-0.0172753	0.844271	
-0.42168	0.331684	-0.0101111	0.843842	
-0.419215	0.339541	0.00791715	0.841967	
-0.417116	0.339171	0.0243695	0.842842	
-0.413597	0.334392	0.0408261	0.845845	
-0.410362	0.337176	0.0600766	0.845166	
-0.409188	0.340711	0.077473	0.842899	
-0.410193	0.344457	0.0916602	0.839458	
-0.423187	0.340163	0.094194	0.834464	
-0.429364	0.330506	0.0957731	0.835009	
-0.43362	0.339416	0.10348	0.828289	
-0.437726	0.349671	0.108649	0.821171	
-0.442032	0.360722	0.110802	0.813763	
-0.446475	0.372102	0.109909	0.8063	
-0.450843	0.383212	0.106013	0.799156	
-0.455151	0.393569	0.0992218	0.792525	
-0.459036	0.40247	0.0899563	0.786901	
-0.461757	0.40937	0.0784705	0.782968	
-0.462788	0.413704	0.064747	0.781335	
-0.462184	0.415122	0.0487413	0.782102	
-0.437967	0.395959	0.0331348	0.806414	
-0.423767	0.379491	0.01346	0.82233	
-0.415796	0.36555	-0.0073876	0.832726	
-0.410364	0.351232	-0.0286164	0.841082	
-0.405365	0.337763	-0.0481388	0.848103	
-0.391399	0.323887	-0.0630724	0.859026	
-0.381858	0.309494	-0.0754569	0.867585	
-0.380903	0.305016	-0.0768202	0.869469	
-0.373834	0.301427	-0.0783715	0.87364	
-0.3753	0.306556	-0.0739814	0.871608	
-0.378269	0.310641	-0.0727837	0.868975	
-0.381879	0.320485	-0.0763425	0.863499	
-0.384396	0.317482	-0.0820543	0.862967	
-0.391703	0.31544	-0.0851437	0.860126	
-0.397435	0.313947	-0.0860405	0.857951	
-0.398431	0.318725	-0.0793839	0.856367	
-0.39779	0.320962	-0.0692999	0.856705	
-0.395161	0.324284	-0.053894	0.857778	
-0.393432	0.327489	-0.036106	0.858288	
-0.394023	0.331497	-0.0259354	0.856845	
-0.404984	0.325915	-0.0158826	0.854116	
-0.410911	0.327419	0.000663287	0.850851	
-0.420178	0.323827	0.0130601	0.847594	
-0.423204	0.325797	0.02849	0.844951	
-0.434437	0.31977	0.0343177	0.841329	
-0.43939	0.311173	0.0389088	0.84178	
-0.444913	0.315051	0.0460458	0.837063	
-0.450148	0.319728	0.0510331	0.832188	
-0.455028	0.324869	0.0540824	0.827336	
-0.459497	0.330026	0.0553876	0.822726	
-0.463729	0.33442	0.0550231	0.818591	
-0.467748	0.337201	0.0529957	0.815291	
-0.471523	0.337901	0.0494094	0.813048	
-0.474953	0.336354	0.0447215	0.811964	
-0.477651	0.332586	0.0395618	0.812202	
-0.451111	0.324083	0.0450056	0.830327	
-0.44099	0.315218	0.0435597	0.839207	
-0.431977	0.306719	0.0420395	0.847084	
-0.425943	0.302525	0.0411866	0.851678	
-0.421897	0.297937	0.0392836	0.855391	
-0.41469	0.298453	0.0404875	0.858673	
-0.415944	0.28871	0.0393852	0.861444	
-0.412255	0.282896	0.0375292	0.865221	
-0.409344	0.28107	0.0378778	0.867181	
-0.407076	0.281426	0.0391989	0.868074	
-0.405876	0.28203	0.0391381	0.868442	
-0.417753	0.30618	0.0419837	0.854385	
-0.429058	0.318274	0.0389218	0.84445	
-0.430709	0.317561	0.0336052	0.844106	
-0.433439	0.311736	0.0267186	0.845126	
-0.43491	0.314072	0.0202203	0.843684	
-0.43566	0.316476	0.0150813	0.842506	
-0.43537	0.316888	0.0165244	0.842473	
-0.442362	0.315281	0.0155837	0.839447	
-0.442388	0.315492	0.0182568	0.8393	
-0.441949	0.312274	0.0244913	0.840575	
-0.439226	0.31134	0.0312936	0.842121	
-0.438794	0.309152	0.0375035	0.842899	
-0.43496	0.308631	0.0463907	0.844633	
-0.4325	0.304632	0.0532416	0.84694	
-0.431518	0.301816	0.059474	0.848034	
-0.431555	0.29914	0.0647967	0.848573	
-0.431047	0.296627	0.0689196	0.849389	
-0.427974	0.295558	0.0734288	0.850936	
-0.427197	0.29279	0.0778894	0.851886	
-0.427532	0.287738	0.0774869	0.853475	
-0.426325	0.284215	0.0773396	0.85527	
-0.425082	0.284228	0.0765302	0.855957	
-0.423906	0.280267	0.0745152	0.858022	
-0.42182	0.276106	0.0721931	0.860594	
-0.421172	0.273482	0.0698578	0.861941	
-0.420139	0.271709	0.0705591	0.862948	
-0.419211	0.270974	0.0683353	0.863809	
-0.41853	0.270201	0.0666464	0.864513	
-0.418248	0.270403	0.0644523	0.864753	
-0.418257	0.270901	0.061367	0.864817	
-0.417882	0.27193	0.0613383	0.864677	
-0.418048	0.274258	0.0604663	0.863923	
-0.419708	0.279138	0.062854	0.861381	
-0.420018	0.285472	0.0664821	0.858878	
-0.420005	0.287088	0.066362	0.858354	
-0.419977	0.288157	0.0675574	0.857917	
-0.419973	0.289366	0.0682723	0.857455	
-0.418517	0.292348	0.0710131	0.856932	
-0.418608	0.292698	0.0721244	0.856676	
-0.416971	0.288368	0.0715336	0.858989	
-0.41725	0.288898	0.0715703	0.858672	
-0.418122	0.289723	0.0704456	0.858063	
-0.421804	0.287473	0.0690092	0.857134	
-0.422686	0.283945	0.0723537	0.857599	
-0.423937	0.283848	0.0707046	0.857151	
-0.424394	0.282531	0.0721764	0.857238	
-0.424499	0.28095	0.0746706	0.857492	
-0.425454	0.280157	0.0754016	0.857214	
-0.423419	0.277468	0.0764005	0.859005	
-0.423746	0.276769	0.0764702	0.859064	
-0.424203	0.276376	0.0775399	0.858869	
-0.424649	0.27579	0.0783821	0.85876	
-0.42455	0.27519	0.0813691	0.858724	
-0.426341	0.274666	0.0810203	0.858037	
-0.426389	0.273256	0.0823229	0.858339	
-0.426924	0.274966	0.083063	0.857456	
-0.427043	0.27431	0.0830946	0.857603	
-0.425982	0.27412	0.08353	0.858149	
-0.42605	0.275098	0.0829573	0.857858	
-0.425987	0.275214	0.0832	0.857829	
-0.425767	0.275848	0.0835339	0.857702	
-0.425539	0.275378	0.0835662	0.857963	
-0.425361	0.275584	0.0841283	0.85793	
-0.425368	0.274599	0.0843342	0.858222	
-0.424385	0.271248	0.0827063	0.859931	
-0.424225	0.269654	0.0853065	0.860258	
-0.424223	0.270571	0.0854492	0.859956	
-0.424426	0.2732	0.0839278	0.859174	
-0.424106	0.273737	0.084876	0.859068	
-0.423886	0.275167	0.084954	0.858712	
-0.424073	0.276833	0.0835213	0.858225	
-0.424027	0.277825	0.0827328	0.858003	
-0.424298	0.280669	0.0803168	0.857173	
-0.424081	0.280755	0.0798624	0.857295	
-0.424658	0.282586	0.0760826	0.856751	
-0.424732	0.284637	0.0750665	0.856125	
-0.424666	0.286048	0.0748027	0.85571	
-0.42463	0.287396	0.0742896	0.855321	
-0.424491	0.289215	0.0739226	0.854809	
-0.424098	0.291166	0.0745196	0.854289	
-0.423902	0.293254	0.0740267	0.853715	
-0.42362	0.294687	0.0742738	0.85334	
-0.423219	0.295384	0.0747763	0.853254	
-0.423054	0.297046	0.0746073	0.852774	
-0.422626	0.296626	0.0763991	0.852973	
-0.422365	0.296226	0.0775418	0.853138	
-0.422633	0.296964	0.0765407	0.852839	
-0.421866	0.29821	0.0758009	0.85285	
-0.422104	0.2994	0.0750662	0.852381	
-0.422301	0.301112	0.0748579	0.851698	
-0.422761	0.302823	0.0731123	0.851015	
-0.423311	0.303721	0.0719845	0.850517	
-0.423895	0.30438	0.0706055	0.850106	
-0.42544	0.307786	0.0711047	0.848064	
-0.425859	0.308222	0.0702907	0.847763	
-0.426223	0.308997	0.0692052	0.847387	
-0.426662	0.309176	0.0683252	0.847173	
-0.4271	0.310114	0.0671988	0.846699	
-0.427191	0.310003	0.0677129	0.846653	
-0.427566	0.309727	0.0667519	0.846641	
-0.428231	0.308171	0.0684897	0.846734	
-0.428287	0.307794	0.0688121	0.846817	
-0.427897	0.306154	0.071568	0.84738	
-0.428546	0.305324	0.0727175	0.847253	
-0.428555	0.304625	0.0728327	0.84749	
-0.428609	0.304532	0.0721057	0.847559	
-0.428747	0.30543	0.0707311	0.847281	
-0.42886	0.305375	0.068719	0.84741	
-0.429228	0.306961	0.0658381	0.846879	
-0.429586	0.307563	0.0635114	0.846656	
-0.429568	0.308426	0.0627276	0.84641	
-0.429428	0.308814	0.0619309	0.846398	
-0.428873	0.309211	0.0624613	0.846496	
-0.428695	0.309837	0.0609101	0.84647	
-0.4267	0.305931	0.0588362	0.849041	
-0.426151	0.306911	0.0605864	0.848841	
-0.425786	0.307851	0.0609008	0.848661	
-0.425204	0.308276	0.0625283	0.84868	
-0.4244	0.304524	0.0669737	0.850096	
-0.424031	0.305751	0.067243	0.849819	
-0.423861	0.306192	0.0667656	0.849782	
-0.423875	0.306868	0.0663911	0.849561	
-0.424716	0.306914	0.066528	0.849114	
-0.425065	0.308265	0.0649674	0.848571	
-0.42528	0.309003	0.063463	0.848308	
-0.425456	0.311122	0.0622709	0.847533	
-0.425352	0.309997	0.0622471	0.848	
-0.425137	0.308742	0.0628708	0.848519	
-0.425271	0.308349	0.0613136	0.848708	
-0.425215	0.30799	0.0606436	0.848915	
-0.425611	0.306481	0.0621018	0.849157	
-0.4254	0.30594	0.0611326	0.849529	
-0.429606	0.303328	0.0576751	0.84859	
-0.429161	0.304852	0.0548247	0.848457	
-0.428407	0.303818	0.0545954	0.849224	
-0.427926	0.304214	0.0520332	0.849485	
-0.427034	0.305472	0.0520172	0.849484	
-0.426387	0.305702	0.0500737	0.849843	
-0.425786	0.306428	0.0477708	0.850015	
-0.424833	0.307348	0.0471206	0.850196	
-0.423792	0.308509	0.0464431	0.850332	
-0.422791	0.310085	0.0456436	0.850301	
-0.42131	0.309813	0.0470538	0.851058	
-0.42023	0.310031	0.0467281	0.85153	
-0.41937	0.312359	0.0453598	0.851177	
-0.422039	0.312337	0.0432471	0.849975	
-0.421267	0.315611	0.0395981	0.849327	
-0.420207	0.316545	0.0373077	0.849608	
-0.419451	0.320283	0.0323609	0.848783	
-0.417934	0.322407	0.0314954	0.84876	
-0.415805	0.324523	0.0331074	0.848937	
-0.413681	0.327652	0.0322185	0.848807	
-0.411159	0.331669	0.0323909	0.848466	
